Temp Th_NH3 Th_NH2 Th_NH Th_N Th_NN Th_NNH Th_N2 Th_H Th P_N2 P_H2 P_NH3
100.0 0.05 0.0 0.0 0.0 0.0 0.0 0.0 0.0 0.95 0.0 0.0 0.0
100.0001 0.05000000000000003 2.5416729940855373e-45 1.2074558927548423e-65 4.147615651177987e-117 8.088542154566668e-307 5.191795335477948e-261 1.0640940488864e-310 2.5416729940855373e-45 0.9499999999999995 -0.0 6.877548205126944e-129 7.866365731190248e-34
100.00032350857275 0.050000000000000044 8.223563218755618e-45 1.2639121943249026e-64 1.404773378872495e-115 3.0016460576077685e-303 5.95642431673181e-258 1.2774443333450474e-306 8.223563218755618e-45 0.9499999999999996 0.0 2.3294774967438702e-127 2.5450620422793437e-33
100.00103854833112 0.05000000000000005 2.6410433987254564e-44 1.303273690273249e-63 4.652754679700716e-114 1.0569950058514911e-299 6.536744116987243e-255 1.4439666292594989e-302 2.6410433987254564e-44 0.9499999999999998 -0.0 7.716443200990916e-126 8.172638590682212e-33
100.00818949478116 0.05000000000000006 2.0909955235540594e-43 8.148297773072602e-62 2.3068302355791924e-111 2.0472534833078562e-293 1.6130741927198042e-249 2.203437681913638e-295 2.0909955235540594e-43 0.9500000000000001 3.0647268e-317 3.830640076276884e-123 6.462839623051685e-32
100.07044688610172 0.050000000000000065 1.8632047548178144e-42 6.324450678228173e-60 1.6178708575078246e-108 8.641052716209603e-287 8.207592077837935e-244 7.921458823142715e-288 1.8632047548178144e-42 0.9500000000000001 9.583563075680305e-309 2.7168117771950707e-120 5.698844238988738e-31
100.69049447758104 0.05000000000000007 2.6470034742762016e-41 1.0022651828813911e-57 4.1813992521317205e-105 7.522314602333766e-279 7.775018231892861e-237 5.902715606623577e-279 2.6470034742762016e-41 0.9500000000000001 7.58064756236081e-299 7.995848550732911e-117 7.219080474922311e-30
101.49049447758104 0.05000000000000008 9.703061821411097e-41 9.516862269706502e-57 1.726463675797575e-103 5.80595335623266e-275 2.113857370215257e-233 8.473234752520779e-275 9.703061821411101e-41 0.9500000000000001 2.6975109468106176e-294 4.086465485044039e-115 2.2243663763138003e-29
102.29049447758103 0.05000000000000009 2.65831192021464e-40 4.914340171472936e-56 2.864780002443988e-102 6.044555376648707e-272 9.343923009484905e-231 1.225548585488608e-271 2.658311920214641e-40 0.9500000000000001 7.105272350020987e-291 8.736939004430209e-114 5.0038585665574375e-29
103.09049447758105 0.0500000000000001 6.642112577824668e-40 2.0808121650488403e-55 3.517619965558879e-101 3.244667118505855e-269 2.2609646079760167e-228 8.374067872503184e-269 6.6421125778246735e-40 0.9500000000000001 8.029342199350901e-288 1.418364969700679e-112 1.0097919845921317e-28
103.89049447758104 0.05000000000000011 1.5920432296273567e-39 8.064705517236403e-55 3.762365525139848e-100 1.2741817029419527e-266 4.1345606685480175e-226 4.041500289025761e-266 1.592043229627359e-39 0.9500000000000001 6.152395504336499e-285 2.0333040512022552e-111 1.934898217471485e-28
104.69049447758104 0.050000000000000114 3.72519174442223e-39 2.97923865508774e-54 3.72351823477888e-99 4.164259308225208e-264 6.437050905906435e-224 1.5968940242401716e-263 3.725191744422238e-39 0.9500000000000001 3.779389929007847e-282 2.7118510856828497e-110 3.5999893341482984e-28
105.49049447758104 0.050000000000000114 8.567816818940974e-39 1.0666602888099145e-53 3.496953203485787e-98 1.1956551905987611e-261 8.968137273850552e-222 5.495735330264836e-261 8.567816818940995e-39 0.9500000000000001 1.9966358092770285e-279 3.434551648913604e-109 6.570908608770528e-28
106.29049447758103 0.050000000000000114 1.9426388725960008e-38 3.7283255742027755e-53 3.151686172221696e-97 3.090833471971807e-259 1.1432010772411206e-219 1.6940035235317784e-258 1.9426388725960078e-38 0.9500000000000001 9.362767526499896e-277 4.1668578630492394e-108 1.1826662538469325e-27
107.09049447758105 0.050000000000000114 4.348203889512292e-38 1.2765169941145181e-52 2.7403420692654763e-96 7.280164198118743e-257 1.3474794490421343e-217 4.740307514439875e-256 4.348203889512318e-38 0.9500000000000001 3.9568466834752114e-274 4.86248682152512e-107 2.1047128536721422e-27
107.89049447758104 0.050000000000000114 9.61481013672728e-38 4.2883817277694246e-52 2.3048747609739324e-95 1.5726295884569305e-254 1.4766419050066216e-215 1.2129361972692753e-253 9.614810136727362e-38 0.9500000000000001 1.519266767398663e-271 5.469738357947503e-106 3.7091559214617974e-27
108.69049447758104 0.050000000000000114 2.1012776334403527e-37 1.4149032389284227e-51 1.8782377509858262e-94 3.128230284600101e-252 1.509346137845981e-213 2.8505475857111616e-251 2.1012776334403816e-37 0.9500000000000001 5.325645128622327e-269 5.9392069331908745e-105 6.478818876772379e-27
109.49049447758104 0.050000000000000114 4.540305325586869e-37 4.587742203662463e-51 1.4844808670985272e-93 5.746953525884802e-250 1.4422390930380998e-211 6.172179478085222e-249 4.540305325586964e-37 0.9500000000000001 1.710179833677368e-266 6.231389045770884e-104 1.1222724327016788e-26
110.29049447758103 0.050000000000000114 9.702160835605158e-37 1.462578032549887e-50 1.1388813497066501e-92 9.774262138338837e-248 1.290608128177077e-209 1.2344079844359268e-246 9.702160835605454e-37 0.9500000000000001 5.04445882296299e-264 6.322731036898715e-103 1.9286246113286003e-26
111.09049447758105 0.050000000000000114 2.0508995752258747e-36 4.586328352194007e-50 8.487350708983016e-92 1.5422309705136508e-245 1.0832683123829265e-207 2.2852584806058232e-244 2.0508995752259676e-36 0.9500000000000001 1.369942665894131e-261 6.208985081832775e-102 3.2890169833937673e-26
111.89049447758104 0.050000000000000114 4.2895980253809884e-36 1.4151406830685969e-49 6.148079488893932e-91 2.2618678806748378e-243 8.54053218754713e-206 3.924002158305671e-242 4.289598025381274e-36 0.9500000000000001 3.432598269800453e-259 5.905333468532882e-101 5.56738210870842e-26
112.69049447758104 0.050000000000000114 8.879411856814053e-36 4.2980880736707605e-49 4.331602030966113e-90 3.088987050784479e-241 6.333314074649901e-204 6.26099104058643e-240 8.879411856814919e-36 0.9500000000000001 7.951173079015337e-257 5.443448336486961e-100 9.355899175138935e-26
113.49049447758105 0.050000000000000114 1.819461118940826e-35 1.2854008223212888e-48 2.9699997912350442e-89 3.934888602300321e-239 4.423243046322473e-202 9.298976657479142e-238 1.8194611189410845e-35 0.9500000000000001 1.7058255550530073e-254 4.866278657257936e-99 1.561147298476979e-25
114.29049447758105 0.050000000000000114 3.6913471321286403e-35 3.7864363345991504e-48 1.982948102307811e-88 4.682929297114409e-237 2.913142915562415e-200 1.2877370196426388e-235 3.691347132129398e-35 0.9500000000000001 3.395486351446381e-252 4.221738266647008e-98 2.5869891556716234e-25
115.09049447758105 0.050000000000000114 7.41652308088968e-35 1.0989765850149505e-47 1.2898938510041971e-87 5.21485499526436e-235 1.811443825009739e-198 1.665363975202025e-233 7.416523080891876e-35 0.9500000000000001 6.281576073545234e-250 3.556535796139271e-97 4.257966878058165e-25
115.89049447758104 0.050000000000000114 1.4759663297842705e-34 3.1437268213566905e-47 8.179334181290718e-87 5.441888244765971e-233 1.0647450177181846e-196 2.0143866759000348e-231 1.475966329784899e-34 0.9500000000000001 1.0817825569125442e-247 2.9111665111619227e-96 6.961911644730669e-25
116.69049447758104 0.050000000000000114 2.910033808406465e-34 8.866023752750705e-47 5.058600595013585e-86 5.329152097501215e-231 5.9227741512562376e-195 2.2822555135218154e-229 2.9100338084082386e-34 0.9500000000000001 1.7369783674518515e-245 2.3166800224288376e-95 1.1309217327349074e-24
117.49049447758105 0.050000000000000114 5.6852247261073894e-34 2.46584799033752e-46 3.0528969117334707e-85 4.904144349186119e-229 3.1214106255897594e-193 2.4254144687786354e-227 5.685224726112328e-34 0.9500000000000001 2.6042665915879015e-243 1.793380294286257e-94 1.8254572557733934e-24
118.29049447758105 0.050000000000000114 1.1007927236107083e-33 6.7651777014940594e-46 1.7987800022592482e-84 4.2465809449768875e-227 1.5602598927124453e-191 2.4210219024519054e-225 1.1007927236120619e-33 0.9500000000000001 3.651266968295702e-241 1.3512245973681886e-93 2.9282041862748124e-24
119.09049447758105 0.050000000000000114 2.1127587778451475e-33 1.8314139016326936e-45 1.0352308268295341e-83 3.464506478930089e-225 7.404993333328741e-190 2.2728622290448715e-223 2.1127587778488116e-33 0.9500000000000001 4.793778947140793e-239 9.91440148931705e-93 4.668479960743712e-24
119.89049447758106 0.050000000000000114 4.020284479159131e-33 4.893323337030112e-45 5.8222797404933844e-83 2.6662791505780973e-223 3.340282146054569e-188 2.009374454543758e-221 4.020284479168921e-33 0.9500000000000001 5.901709994675937e-237 7.0879071441055e-92 7.39854755986954e-24
120.69049447758105 0.050000000000000114 7.58577931308712e-33 1.290755803846003e-44 3.201428232126391e-82 1.9379894664203562e-221 1.4335391479854608e-186 1.6749277719696723e-219 7.58577931311294e-33 0.9500000000000001 6.822029893529119e-235 4.93974804588898e-91 1.1656420945901537e-23
121.49049447758105 0.050000000000000114 1.419555140379425e-32 3.362147166667397e-44 1.7217979900659193e-81 1.331931537941629e-219 5.8590817657617694e-185 1.3179416668002151e-217 1.4195551403861495e-32 0.9500000000000001 7.4137523871300675e-233 3.357713965194595e-90 1.8259183417602382e-23
122.29049447758105 0.050000000000000114 2.6350155746499615e-32 8.650249655592088e-44 9.061418737003497e-81 8.665327505235596e-218 2.2827466032126e-183 9.80083255322164e-216 2.635015574667263e-32 0.9500000000000001 7.583809236761743e-231 2.2271318151846168e-89 2.8440887648297686e-23
123.09049447758105 0.050000000000000114 4.8524531970537715e-32 2.198790808468565e-43 4.668407521552116e-80 5.3423718414669045e-216 8.485897565504624e-182 6.89577948058256e-214 4.85245319709775e-32 0.9500000000000001 7.311087333378123e-229 1.442172498986218e-88 4.4055247538965595e-23
123.89049447758106 0.050000000000000114 8.866524160246407e-32 5.523112750535292e-43 2.3554730419918584e-79 3.1245613780721074e-214 3.0126118047685404e-180 4.595473090390774e-212 8.866524160356872e-32 0.9500000000000001 6.650084922920035e-227 9.121326539102429e-88 6.787200442259678e-23
124.69049447758105 0.050000000000000114 1.6077712157621558e-31 1.3712840100528514e-42 1.1643888268408097e-78 1.7353878489832847e-212 1.0222971891172365e-178 2.9037752967550462e-210 1.6077712157895822e-31 0.9500000000000001 5.7136573610779e-225 5.637202338602196e-87 1.0400803521212795e-22
125.49049447758105 0.050000000000000114 2.8935911547409395e-31 3.365973474467683e-42 5.641540472711897e-78 9.162012555742241e-211 3.3187405523986123e-177 1.7415196035238633e-208 2.8935911548082587e-31 0.9500000000000001 4.6421641889172576e-223 3.405841464440728e-86 1.5855130627989712e-22
126.29049447758106 0.050000000000000114 5.1695629759733295e-31 8.17010382125813e-42 2.6800455025640633e-77 4.6025070471469183e-209 1.0315627891708616e-175 9.92340601053384e-207 5.169562976136729e-31 0.9500000000000001 3.5703484950511314e-221 2.012454054675642e-85 2.4045948061441294e-22
127.09049447758106 0.050000000000000114 9.169261475612447e-31 1.961415249775005e-41 1.2487981735914092e-76 2.2020051184610497e-207 3.072551697251942e-174 5.377531204357256e-205 9.16926147600473e-31 0.9500000000000001 2.6021754034250722e-219 1.1634538525282032e-84 3.6284781063960457e-22
127.89049447758106 0.050000000000000114 1.614869271915341e-30 4.658282251686714e-41 5.709588379012902e-76 1.0042979835873592e-205 8.776673928161324e-173 2.773999894316147e-203 1.6148692720085065e-30 0.9500000000000001 1.7990301946667787e-217 6.5837053605825165e-84 5.448261939271529e-22
128.69049447758107 0.050000000000000114 2.824359899995608e-30 1.094670241653636e-40 2.5623163054832684e-75 4.3703569051465845e-204 2.4061651862703286e-171 1.3634274357139816e-201 2.8243599002145405e-30 0.9500000000000001 1.1809862868383597e-215 3.64805749269044e-83 8.141073496372324e-22
129.49049447758105 0.050000000000000114 4.9061193919589625e-30 2.54581547296012e-40 1.1290813710208712e-74 1.8161881311718118e-202 6.3359942451115e-170 6.390724734086975e-200 4.906119392468126e-30 0.9500000000000001 7.368402028985974e-214 1.9801168365450936e-82 1.210692874594815e-21
130.29049447758106 0.050000000000000114 8.465370867125474e-30 5.8605636382516076e-40 4.886836557469261e-74 7.213802356136684e-201 1.6036849274127768e-168 2.8591775305267343e-198 8.465370868297592e-30 0.9500000000000001 4.373516057941316e-212 1.0532258320565156e-81 1.7920592679889346e-21
131.09049447758105 0.050000000000000114 1.4510979635270264e-29 1.3356770005651117e-39 2.0781764589830314e-73 2.740864950231252e-199 3.904374888327617e-167 1.2220131582960556e-196 1.4510979637941632e-29 0.9500000000000001 2.4718022795393286e-210 5.4917839173558705e-81 2.6404221903100376e-21
131.89049447758106 0.050000000000000114 2.4713947757544627e-29 3.014337624704162e-39 8.686155284379157e-73 9.969709885550582e-198 9.149931177839343e-166 4.993625190700533e-195 2.4713947763573307e-29 0.9500000000000001 1.3314015606437045e-208 2.808164099559966e-80 3.872867821534308e-21
132.69049447758107 0.050000000000000114 4.1824687033773e-29 6.737326872593185e-39 3.569427053306346e-72 3.474494873273321e-196 2.065457672365772e-164 1.9526027657468252e-193 4.182468704724765e-29 0.9500000000000001 6.840595434327149e-207 1.4086423342100565e-79 5.655422997223246e-21
133.49049447758105 0.050000000000000114 7.034249792409727e-29 1.491638805542428e-38 1.4425376085566954e-71 1.1610461214442449e-194 4.494051941929119e-163 7.311621570696908e-192 7.034249795393006e-29 0.9500000000000001 3.3553374658538936e-205 6.934205017689709e-79 8.2225140517326e-21
134.29049447758106 0.050000000000000114 1.1758327118945284e-28 3.2718495712643363e-38 5.735117364199636e-71 3.722906655961693e-193 9.431210205827033e-162 2.623922144925736e-190 1.1758327125488982e-28 0.9500000000000001 1.572515643134494e-203 3.3508521220543766e-78 1.1903768178137977e-20
135.09049447758105 0.050000000000000114 1.9537229198497883e-28 7.11128559877054e-38 2.2437257973743707e-70 1.1463258002265497e-191 1.9102130963307228e-160 9.0313591856843e-189 1.9537229212720454e-28 0.9500000000000001 7.047264656026179e-202 1.5900765188345888e-77 1.7160779729720594e-20
135.89049447758106 0.050000000000000114 3.2271265607374558e-28 1.5317853401525673e-37 8.640370745250403e-70 3.391860475404063e-190 3.736390412992161e-159 2.983595071790374e-187 3.2271265638010265e-28 0.9500000000000001 3.02242151399526e-200 7.411791277186492e-77 2.4637347694421903e-20
136.69049447758104 0.050000000000000114 5.299677675531463e-28 3.270475633581438e-37 3.276046433095452e-69 9.651065283601173e-189 7.062254447332595e-158 9.467238642825845e-186 5.299677682072412e-28 0.9500000000000001 1.2414585597567242e-198 3.3947338148848715e-76 3.5227854434066314e-20
137.49049447758105 0.050000000000000114 8.653805831390202e-28 6.922353756966877e-37 1.223319664701203e-68 2.6425067842312477e-187 1.2906653279434017e-156 2.887408150442471e-184 8.653805845234909e-28 0.9500000000000001 4.8874037405279256e-197 1.5282609918060578e-75 5.016998277328151e-20
138.29049447758103 0.050000000000000114 1.405179658514591e-27 1.4527524863271362e-36 4.500041933252697e-68 6.967064706557002e-186 2.281999844978957e-155 8.470168518973797e-183 1.4051796614200958e-27 0.9500000000000001 1.845488905032849e-195 6.764370928231715e-75 7.116996468107143e-20
139.09049447758105 0.050000000000000114 2.2691613884115394e-27 3.023347314221047e-36 1.6311416964540797e-67 1.769941961177396e-184 3.905673813762707e-154 2.3914739006721918e-181 2.2691613944582353e-27 0.9500000000000001 6.688718959621893e-194 2.944565796380857e-74 1.0057115496441101e-19
139.89049447758103 0.050000000000000114 3.644589251590378e-27 6.240295953054911e-36 5.8273971973768514e-67 4.335305533626393e-183 6.474344258734126e-153 6.5029881643808875e-180 3.644589264070971e-27 0.9500000000000001 2.3285021426995275e-192 1.2609622505471575e-73 1.4158009850783288e-19
140.69049447758104 0.050000000000000114 5.822659490726521e-27 1.2776262143951535e-35 2.0524479436848517e-66 1.0244756204012122e-181 1.0400414561457121e-151 1.7041644630132689e-178 5.8226595162790474e-27 0.9500000000000001 7.79129170306169e-191 5.3136152736041064e-73 1.9856862554688721e-19
141.49049447758102 0.050000000000000114 9.253857728363884e-27 2.5950354720337983e-35 7.128344275781837e-66 2.3370519670193967e-180 1.6199097281436154e-150 4.306579386087704e-177 9.253857780264594e-27 0.9500000000000001 2.507446157481982e-189 2.2039556233918576e-72 2.7747613807336323e-19
142.29049447758103 0.050000000000000114 1.4631572808745323e-26 5.229759117655301e-35 2.4418906477797407e-65 5.149648242331913e-179 2.447605121272019e-149 1.0501247188357354e-175 1.463157291334051e-26 0.9500000000000001 7.766525035139544e-188 9.000262795316566e-72 3.863434828364924e-19
143.09049447758102 0.050000000000000114 2.3017771459677367e-26 1.045865230900246e-34 8.25248137144945e-65 1.0966828534855837e-177 3.5894037229505714e-148 2.4722699240134935e-174 2.3017771668850423e-26 0.9500000000000001 2.316712505057144e-186 3.6195907578023587e-71 5.360190692021689e-19
143.89049447758103 0.050000000000000114 3.603097965878681e-26 2.075778019130918e-34 2.7520811935011465e-64 2.25852577671917e-176 5.111505360674022e-147 5.6227761737544795e-173 3.6030980073942437e-26 0.9500000000000001 6.659458419872026e-185 1.4339220052612979e-70 7.410897154045252e-19
144.690494477581 0.050000000000000114 5.612612612686889e-26 4.0893238265470145e-34 9.058403897474777e-64 4.5003916459651584e-175 7.071821046268072e-146 1.2360991848079264e-171 5.612612694473372e-26 0.9500000000000001 1.8458319228695877e-183 5.597070693506909e-70 1.0211037558557363e-18
145.49049447758102 0.050000000000000114 8.700919452173561e-26 7.997248374200167e-34 2.943399248478471e-63 8.681449974545473e-174 9.509887306124143e-145 2.628123107241048e-170 8.700919612118538e-26 0.9500000000000001 4.936181587763826e-182 2.1531303951935809e-69 1.4021730348480786e-18
146.290494477581 0.050000000000000114 1.342488062804469e-25 1.552744756224858e-33 9.443761111468914e-63 1.6221133483288595e-172 1.243604739975671e-143 5.407106052150537e-169 1.3424880938593653e-25 0.9500000000000001 1.2743520529560487e-180 8.165013995607456e-69 1.919064561016066e-18
147.09049447758102 0.050000000000000114 2.0617419234680743e-25 2.9935102917276895e-33 2.9924604802861797e-62 2.937259768830918e-171 1.5821552128246756e-142 1.0770668130840551e-167 2.0617419833382819e-25 0.9500000000000001 3.177862520988785e-179 3.052960299787832e-68 2.6179230501569744e-18
147.890494477581 0.050000000000000114 3.1518781256431855e-25 5.731025395043305e-33 9.366704692263753e-62 5.156987916662269e-170 1.9591517454378668e-141 2.078287999951716e-166 3.151878240263694e-25 0.9500000000000001 7.658978901850362e-178 1.1258003923202725e-67 3.5598038743717635e-18
148.690494477581 0.050000000000000114 4.7967571813458745e-25 1.0896911706211136e-32 2.8967144874943377e-61 8.783307535052925e-169 2.3622601315552123e-140 3.8866552079907955e-165 4.796757399284111e-25 0.9500000000000001 1.78498349424986e-176 4.0951888697081887e-67 4.82524394084018e-18
149.490494477581 0.050000000000000114 7.267759262789649e-25 2.0579823389951422e-32 8.852555782652712e-61 1.4519086136316195e-167 2.7746764397621416e-139 7.048076671385166e-164 7.267759674386119e-25 0.9500000000000001 4.0249222535756536e-175 1.469782300464069e-66 6.520158037871055e-18
150.290494477581 0.050000000000000114 1.0963732358390878e-24 3.860944397131474e-32 2.673976905602983e-60 2.3304843603187705e-166 3.176159644880889e-138 1.2399439075331034e-162 1.0963733130579762e-24 0.9500000000000001 8.785534724691495e-174 5.205840581108888e-66 8.783423003842435e-18
151.090494477581 0.050000000000000114 1.6468398813782081e-24 7.196225092597345e-32 7.984592986973438e-60 3.6339667261883267e-165 3.544656571562371e-137 2.117279867476023e-161 1.646840025302712e-24 0.9500000000000001 1.8573294982677673e-172 1.8200268036717442e-65 1.1796605091751537e-17
151.890494477581 0.050000000000000114 2.4632513006803455e-24 1.332661519019495e-31 2.3573959419529405e-59 5.507333878700734e-164 3.85834112814974e-136 3.5107743826406745e-160 2.4632515672126513e-24 0.9500000000000001 3.8048515907247365e-171 6.282061327557742e-65 1.5796401232890044e-17
152.69049447758098 0.050000000000000114 3.6690969126092484e-24 2.4523508690292367e-31 6.882935885564788e-59 8.115612205845606e-163 4.097800230491897e-135 5.655556508388002e-159 3.6690974030794284e-24 0.9500000000000001 7.556625344142869e-170 2.141167215231377e-64 2.1090507520602393e-17
153.090494477581 0.050000000000000114 4.471112990311807e-24 3.3189082877907836e-31 1.1712603132055136e-58 3.0829808016899564e-162 1.323345764338512e-134 2.245760117160354e-158 4.4711136540934705e-24 0.9500000000000001 3.3292528294307653e-169 3.934575177006841e-64 2.434335763550158e-17
153.490494477581 0.050000000000000114 5.442906673128257e-24 4.484724643449118e-31 1.9877034090086258e-58 1.1632642797151743e-161 4.24804545826816e-134 8.854987799901428e-158 5.442907570073191e-24 0.9500000000000001 1.4557070163147071e-168 7.207883677192546e-64 2.807780413421691e-17
153.890494477581 0.050000000000000114 6.619243165633784e-24 6.0507528285818845e-31 3.3641654615603384e-58 4.35947735356148e-161 1.3555577057679977e-133 3.46714178943661e-157 6.61924437578436e-24 0.9500000000000001 6.317415899274293e-168 1.3164084750119793e-63 3.236215137186493e-17
154.29049447758098 0.050000000000000114 8.041765011735649e-24 8.151195273663776e-31 5.6785805308368186e-58 1.6227891403079374e-160 4.3001113965016175e-133 1.3481476573246307e-156 8.041766641974715e-24 0.9500000000000001 2.7212534892132417e-167 2.3969377934435457e-63 3.727396231333994e-17
154.69049447758098 0.050000000000000114 9.76030457965536e-24 1.0964189727349419e-30 9.559779574290782e-58 6.00045259194557e-160 1.3561069018679361e-132 5.206054839486867e-156 9.760306772493315e-24 0.9500000000000001 1.163556551072949e-166 4.3512712749067764e-63 4.290125477255146e-17
155.090494477581 0.050000000000000114 1.1834437807534414e-23 1.4725844096693523e-30 1.605131050566862e-57 2.2040556727300436e-159 4.2518718768913116e-132 1.9966799257831814e-155 1.183444075270325e-23 0.9500000000000001 4.938779038272264e-166 7.875513234979398e-63 4.934384452065331e-17
155.29049447758098 0.050000000000000114 1.3026579414228625e-23 1.7056473551602103e-30 2.0778538760550936e-57 4.213584101024426e-159 7.512445472517449e-132 3.900327611116851e-155 1.302658282552335e-23 0.9500000000000001 1.0147251994864466e-165 1.0583445033947715e-62 5.290566152492141e-17
155.490494477581 0.050000000000000114 1.4335321851677432e-23 1.974864331018969e-30 2.688044352119366e-57 8.042373431391046e-159 1.3254328407966667e-131 7.606053410758527e-155 1.4335325801406107e-23 0.9500000000000001 2.0810848393907103e-165 1.4211986457568813e-62 5.671485233677382e-17
155.69049447758098 0.050000000000000114 1.577172539887939e-23 2.2857297317423383e-30 3.475168467071773e-57 1.53252242034669e-158 2.335133596281035e-131 1.4807649033310328e-154 1.5771729970338855e-23 0.9500000000000001 4.2603634643230363e-165 1.907055213689947e-62 6.078791315268148e-17
155.890494477581 0.050000000000000114 1.7347866512059142e-23 2.64455554803674e-30 4.4898763400433455e-57 2.9155624245784237e-158 4.108144548352417e-131 2.877955729916457e-154 1.7347871801170248e-23 0.9500000000000001 8.70606792443283e-165 2.5571353785335444e-62 6.514239394608242e-17
156.090494477581 0.050000000000000114 1.9076928127946548e-23 3.058590429570845e-30 5.797130200960081e-57 5.537751485564248e-158 7.217088565755248e-131 5.58413803216611e-154 1.9076934245127414e-23 0.9500000000000001 1.7759018905600003e-164 3.4263155405432178e-62 6.979696277929142e-17
156.290494477581 0.050000000000000114 2.0973297716916043e-23 3.53615570583899e-30 7.480195609703619e-57 1.0501295572844748e-157 1.2660854905069396e-130 1.0816954174223851e-153 2.097330478922746e-23 0.9500000000000001 3.616099522390665e-164 4.587598228881348e-62 7.477147385373167e-17
156.490494477581 0.050000000000000114 2.3052673727178178e-23 4.086800726009033e-30 9.645730944786976e-57 1.9881689336356584e-157 2.217946357197826e-130 2.091863779586721e-153 2.3052681900779644e-23 0.9500000000000001 7.350031800460264e-164 6.138029612867074e-62 8.008703950471626e-17
156.690494477581 0.050000000000000114 2.5332181112258735e-23 4.7214801996774785e-30 1.2430273310767736e-56 3.758091326942e-157 3.8799700496638645e-130 4.0387234728234267e-153 2.5332190555219133e-23 0.9500000000000001 1.491311738392142e-163 8.206526124182351e-62 8.576610635775538e-17
156.890494477581 0.050000000000000114 2.783049668894501e-23 5.452756584118998e-30 1.6008498849246232e-56 7.092309394985872e-157 6.777934125404074e-130 7.784664014489992e-153 2.7830507594458195e-23 0.9500000000000001 3.0205146777868846e-163 1.0964218777455445e-61 9.183253587464613e-17
157.09049447758102 0.050000000000000114 3.056798513201114e-23 6.295030975414009e-30 2.060373635591911e-56 1.336339945775533e-156 1.1823886281405645e-129 1.4980398935757433e-152 3.0567997722073124e-23 0.9500000000000001 6.107024566739119e-163 1.463811544670631e-61 9.831168952942768e-17
157.190494477581 0.050000000000000114 3.203328071127398e-23 6.76285958500442e-30 2.3369048957206013e-56 1.833244021143759e-156 1.5608642438484948e-129 2.0768201235526964e-152 3.2033294236993184e-23 0.9500000000000001 8.677977224749529e-163 1.6909185930320417e-61 1.0171439558718577e-16
157.290494477581 0.050000000000000114 3.3566846475656543e-23 7.26480642697958e-30 2.6501340594704885e-56 2.513939496936467e-156 2.05977298241828e-129 2.8780433881461146e-152 3.356686100526943e-23 0.9500000000000001 1.2325867037431764e-162 1.9529132654900054e-61 1.0523051886669191e-16
158.09049447758102 0.05000000000000006 4.869360173822143e-23 1.2840579916185644e-29 7.208431435465206e-56 3.0998207813057575e-155 1.870957272024085e-128 3.85791970740782e-151 4.8693627419381337e-23 0.9500000000000001 2.010077632064641e-161 6.143282679641857e-61 1.3790276226494837e-16
158.190494477581 0.050000000000000065 5.099808082544884e-23 1.378263326722324e-29 8.16317515105236e-56 4.2353422210298435e-155 2.4613571240746077e-128 5.3268767146608574e-151 5.0998108390715434e-23 0.9500000000000001 2.843942202566621e-161 7.08388964968927e-61 1.4261722667122904e-16
158.99049447758102 0.05000000000000005 7.367379708708498e-23 2.420735155380741e-29 2.195864184787026e-55 5.0783459674748815e-154 2.1815357139809027e-127 6.937549265601632e-150 7.367384550178819e-23 0.9500000000000001 4.496672276572136e-160 2.2005130537983647e-60 1.863510153199437e-16
159.790494477581 0.05000000000000002 1.060463724551649e-22 4.2282495486288197e-29 5.849646256836443e-55 5.941249388719132e-153 1.8924590245938767e-126 8.810198985621774e-149 1.0604645702015589e-22 0.9500000000000001 6.920166515586776e-159 6.760747287728596e-60 2.4287285773787323e-16
160.590494477581 0.04999999999999993 1.5209872478157355e-22 7.345272035168163e-29 1.5434558902173652e-54 6.78523266002305e-152 1.6073275336193844e-125 1.0913770185075473e-147 1.5209887168701417e-22 0.9500000000000001 1.0369774539072821e-157 2.0547299564442275e-59 3.157402238168596e-16
161.390494477581 0.049999999999999864 2.173828640781595e-22 1.2691824990194667e-28 4.034231454964192e-54 7.567245843242788e-151 1.3369964917276497e-124 1.319267519102318e-146 2.1738311791465916e-22 0.9500000000000001 1.513632046284888e-156 6.178362825772882e-59 4.0944964619444915e-16
161.790494477581 0.049999999999999836 2.5954249413599394e-22 1.6650173194743772e-28 6.499444260086999e-54 2.504791911716602e-150 3.826392302034674e-124 4.545410784420755e-146 2.595428271394576e-22 0.9500000000000001 5.726976857057349e-156 1.06712057960576e-58 4.6583869925709185e-16
162.190494477581 0.049999999999999746 3.0961183313234974e-22 2.181440995390071e-28 1.0446952921728394e-53 8.243595923342373e-150 1.0895195582468346e-123 1.556735607960901e-145 3.096122694205489e-22 0.9500000000000001 2.152980276530258e-155 1.8383094178742516e-58 5.296712291120015e-16
162.590494477581 0.049999999999999656 3.6902457184893806e-22 2.854318297235596e-28 1.6753610046818057e-53 2.6974797116426473e-149 3.08661669002878e-123 5.300007897201433e-145 3.690251427125975e-22 0.9500000000000001 8.042420835573087e-155 3.1586175530124365e-58 6.018868630832125e-16
163.390494477581 0.04999999999999948 5.229107646253778e-22 4.86787516591747e-28 4.2794802585632435e-53 2.839468991522291e-148 2.4403258139850293e-122 6.03581186099152e-144 5.229117382004109e-22 0.9500000000000001 1.101173042951543e-153 9.253512237116659e-58 7.758045991406925e-16
163.79049447758098 0.0499999999999994 6.216808753556874e-22 6.344913302020917e-28 6.816622217699455e-53 9.133675092948153e-148 6.81076056923261e-122 2.0191481243246753e-143 6.21682144338348e-22 0.9500000000000001 4.0366665826621583e-153 1.5778070520563676e-57 8.800048738396364e-16
163.990494477581 0.04999999999999937 6.776447442112751e-22 7.24039939792658e-28 8.59598502659185e-53 1.6347053775044198e-147 1.1357108082575516e-121 3.6850538847580463e-143 6.776461922911545e-22 0.9500000000000001 7.710746339749689e-153 2.0583378770079732e-57 9.370348494041642e-16
164.190494477581 0.04999999999999933 7.384937343962802e-22 8.259666052670794e-28 1.0833816177540842e-52 2.921743136079467e-147 1.8915068270092636e-121 6.715763491885637e-143 7.3849538632949045e-22 0.9500000000000001 1.4706191807580265e-152 2.683532409027814e-57 9.976148699812375e-16
164.390494477581 0.049999999999999226 8.046408104929899e-22 9.419461685405877e-28 1.3646696553462127e-52 5.214841622421514e-147 3.1464291250150535e-121 1.2221515369667779e-142 8.0464269438532735e-22 0.9500000000000001 2.800508283488475e-152 3.496434630328459e-57 1.061956717634209e-15
164.590494477581 0.04999999999999913 8.76532697311284e-22 1.0738751764687709e-27 1.718045793919583e-52 9.294779357247308e-147 5.227568734809472e-121 2.220931020131893e-142 8.765348450616377e-22 0.9500000000000001 5.32486730607058e-152 4.552745254968772e-57 1.1302842510117046e-15
164.790494477581 0.04999999999999905 9.54652544730533e-22 1.2239005749688163e-27 2.161742342799226e-52 1.6543907518873806e-146 8.674714147727498e-121 4.030209840157966e-142 9.54654992531684e-22 0.9500000000000001 1.010923826371995e-151 5.924499010578601e-57 1.202834061651067e-15
164.99049447758102 0.04999999999999896 1.0395227952866589e-21 1.3944520317817767e-27 2.7185415546472138e-52 2.9406295500406507e-146 1.437758923532111e-120 7.303063052039602e-142 1.0395255841907228e-21 0.9500000000000001 1.9163206789985758e-151 7.704797439849095e-57 1.2798561641556326e-15
165.790494477581 0.04999999999999861 1.458511366270388e-21 2.3425782006214075e-27 6.762538467824492e-52 2.8958124227956353e-145 1.0720168935463501e-119 7.764400242615821e-141 1.4585160514267894e-21 0.9500000000000012 2.4373237146650874e-150 2.190443103666795e-56 1.6381792894223188e-15
166.590494477581 0.04999999999999816 2.0398322338184502e-21 3.9161997396354295e-27 1.6678496514630238e-51 2.7904613437944804e-144 7.842787787613702e-119 8.073133934448729e-140 2.0398400662179302e-21 0.9500000000000024 3.0268493790812197e-149 6.167087737886459e-56 2.092077513598086e-15
167.390494477581 0.0499999999999976 2.8438570430968037e-21 6.515473658831394e-27 4.078782209419882e-51 2.6323143242976166e-143 5.631278336721433e-118 8.211952458810275e-139 2.8438700740441216e-21 0.9500000000000032 3.6715187161682366e-148 1.719750947360259e-55 2.665777992622418e-15
168.190494477581 0.049999999999996894 3.952475807155909e-21 1.0788652515671532e-26 9.891967580853356e-51 2.4315689014468328e-142 3.969381554481918e-117 8.174400365152156e-138 3.952497384460942e-21 0.9500000000000036 4.351336710133176e-147 4.750584150523941e-55 3.389327886007172e-15
168.990494477581 0.049999999999995985 5.476434893765173e-21 1.778105564457126e-26 2.3793838020018975e-50 2.2001447803104792e-141 2.747433064744465e-116 7.965318444309183e-137 5.47647045587646e-21 0.9500000000000042 5.040383790136296e-146 1.3001161206937157e-54 4.299915009530963e-15
169.79049447758098 0.049999999999994875 7.565064383830827e-21 2.9170610870346403e-26 5.677094227569319e-50 1.9505545995920494e-140 1.8677830595882553e-115 7.600080481821948e-136 7.565122725052568e-21 0.950000000000006 5.7083129398520925e-145 3.525555075941188e-54 5.443470478460108e-15
170.590494477581 0.04999999999999347 1.041913604781601e-20 4.7638616841716965e-26 1.3437444661537938e-49 1.6948493068491192e-139 1.2474551712149101e-114 7.102784914668207e-135 1.0419231325049698e-20 0.9500000000000073 6.322544096359148e-144 9.47411397740374e-54 6.876609741343719e-15
171.390494477581 0.04999999999999168 1.4307811713854233e-20 7.745079279538888e-26 3.155618845147663e-49 1.4437494788102004e-138 8.186992632708274e-114 6.503689456398229e-134 1.430796661543982e-20 0.9500000000000091 6.8509376398765555e-143 2.523306044829059e-53 8.66897891244188e-15
172.19049447758098 0.04999999999998943 1.9590921370443386e-20 1.2536394610528424e-25 7.35321129676344e-49 1.2060345463091708e-137 5.281096486492283e-113 5.8362582561546705e-133 1.9591172098335595e-20 0.9500000000000117 7.264636021849982e-142 6.661544718278945e-53 1.0906085630101582e-14
172.99049447758097 0.049999999999986645 2.6748167057461936e-20 2.0203469786264264e-25 1.7003593522104447e-48 9.882162519734035e-137 3.349044860104245e-112 5.134207569884473e-132 2.6748571126857663e-20 0.9500000000000146 7.540716599344003e-141 1.7434365950772824e-52 1.3692708085210027e-14
173.79049447758098 0.04999999999998321 3.6417302544166185e-20 3.241990707441364e-25 3.902304937910757e-48 7.94481144128082e-136 2.0883798894441557e-111 4.428890937137033e-131 3.641795094230768e-20 0.9500000000000182 7.664311295220847e-140 4.523921848292278e-52 1.715699270557107e-14
174.590494477581 0.0499999999999789 4.9443914983131217e-20 5.180307743588235e-25 8.889213428665761e-48 6.268555434150236e-135 1.280801544702184e-110 3.747273993040092e-130 4.9444951044679947e-20 0.9500000000000227 7.62991913618432e-139 1.163998325012789e-51 2.1455370622283192e-14
175.39049447758097 0.04999999999997359 6.694616422095722e-20 8.24294454398868e-25 2.0100696634737013e-47 4.855282202711467e-134 7.727299278906226e-110 3.110634272829803e-129 6.694781280986607e-20 0.9500000000000285 7.441753439633596e-138 2.9700764444590054e-51 2.6778445908658537e-14
176.19049447758096 0.049999999999967015 9.039875670624239e-20 1.3062214015124853e-24 4.512401506629826e-47 3.692610134466443e-133 4.587061290674832e-109 2.5340055811579147e-128 9.040136914904544e-20 0.9500000000000349 7.113104771788206e-137 7.516396848904263e-51 3.33580351551899e-14
176.99049447758097 0.049999999999958876 1.2174159149059277e-19 2.061498119347609e-24 1.0057629613525442e-46 2.758235130744351e-132 2.679706743721094e-108 2.0262887731130333e-127 1.2174571448683148e-19 0.950000000000043 6.6648380569872866e-136 1.8868027384388879e-50 4.147556877554702e-14
177.79049447758098 0.04999999999994886 1.6351997425113376e-19 3.240443979072689e-24 2.2259555029531706e-46 2.0240112100723532e-131 1.54087899164837e-107 1.5908833377358257e-126 1.6352645513909187e-19 0.9500000000000534 6.123253323882462e-135 4.698563307186364e-50 5.147210015221039e-14
178.59049447758096 0.049999999999936574 2.190651236075715e-19 5.073466414936031e-24 4.892278503411933e-46 1.4594237534941214e-130 8.722853690401777e-107 1.2266613578946698e-125 2.1907527054040127e-19 0.9500000000000656 5.5176071451482995e-134 1.1608382001023901e-49 6.376021003216254e-14
179.39049447758094 0.0499999999999215 2.9272598063056737e-19 7.91237045494569e-24 1.067873733760374e-45 1.0342797123622566e-129 4.862227889955581e-106 9.29104644993973e-125 2.9274180537147696e-19 0.9500000000000806 4.877608236230973e-133 2.8457172362518602e-49 7.883814127110956e-14
180.19049447758096 0.04999999999990305 3.9016618549140345e-19 1.2292279646580077e-23 2.3151660539355906e-45 7.205798761173809e-129 2.669157546549136e-105 6.914496520121336e-124 3.9019077005069636e-19 0.9500000000000995 4.2311686419751976e-132 6.92261006745763e-49 9.730655399969061e-14
180.99049447758097 0.04999999999988046 5.18743636742593e-19 1.9024107599247178e-23 4.98582084484396e-45 4.936412561576925e-128 1.4432727914065658e-104 5.0572340710652297e-123 5.187816849577912e-19 0.9500000000001222 3.6026227480784655e-131 1.6712827024988846e-48 1.1988835456203875e-13
181.79049447758095 0.04999999999985292 6.879944596251767e-19 2.9332147030580684e-23 1.0666490758081928e-44 3.325997434507705e-127 7.68827191166409e-104 3.635975223649154e-122 6.880531239192374e-19 0.9500000000001501 3.0115364666526782e-130 4.004746073492077e-48 1.4745212429795354e-13
182.59049447758093 0.049999999999819335 9.102486756215324e-19 4.505804898808804e-23 2.267118609699314e-44 2.204488165562538e-126 4.035371865640709e-103 2.570284599448077e-121 9.103387917195084e-19 0.950000000000184 2.4721359800147396e-129 9.525492104044856e-48 1.8103975768801744e-13
183.39049447758094 0.04999999999977848 1.2014116233730186e-18 6.896214782631847e-23 4.787750095092116e-44 1.437678052738713e-125 2.087271700356654e-102 1.7868550594352336e-120 1.2015495476686703e-18 0.9500000000002249 1.9933045627762057e-128 2.249204073185294e-47 2.218990149958694e-13
184.19049447758096 0.04999999999972887 1.5819535180443575e-18 1.0516702072143421e-22 1.0046837501121456e-43 9.227297359473671e-125 1.0640909691484544e-101 1.2219092842557112e-119 1.582163852085799e-18 0.9500000000002746 1.5790375313746906e-127 5.272787033609394e-47 2.7152180393637484e-13
184.99049447758094 0.049999999999668705 2.0781597987514166e-18 1.5980815092803482e-22 2.095093686081737e-43 5.829560354228671e-124 5.3474204327942605e-101 8.22095395679983e-119 2.0784794150532735e-18 0.9500000000003348 1.2292137267756315e-126 1.2273311805543989e-46 3.316891298769343e-13
185.79049447758092 0.04999999999959589 2.7237075192405942e-18 2.419851192682098e-22 4.3419874214730546e-43 3.6260464560037184e-123 2.649322872996045e-100 5.4428901982588795e-118 2.7241914894791316e-18 0.9500000000004079 9.405361109847108e-126 2.83682822458083e-46 4.0452379665740747e-13
186.59049447758093 0.049999999999507876 3.561648487466856e-18 3.651474222026726e-22 8.943736401706953e-43 2.2210254891239433e-122 1.2942178522146906e-99 3.546908375386055e-117 3.5623787823112616e-18 0.9500000000004962 7.075090039261613e-125 6.511678604829112e-46 4.925521025409131e-13
187.39049447758094 0.04999999999940165 4.64689875704696e-18 5.491067592399166e-22 1.8311689686970333e-42 1.3399271770418151e-121 6.234714963841635e-99 2.2754684077967324e-116 4.647996970565439e-18 0.9500000000006026 5.2334798509061584e-124 1.484498606290927e-45 5.987759605885759e-13
188.19049447758093 0.04999999999927368 6.049357138291482e-18 8.2294934489417135e-22 3.726918981866906e-42 7.963421846204824e-121 2.96220569641471e-98 1.4374011931026112e-115 6.051003036981264e-18 0.9500000000007305 3.8075296543520325e-123 3.3614851812882657e-45 7.267570826737892e-13
188.9904944775809 0.04999999999911974 7.857803489190594e-18 1.2292370576261255e-21 7.54077739689927e-42 4.663275699348611e-120 1.388205808652138e-97 8.942438881833687e-115 7.86026196330584e-18 0.9500000000008842 2.7250889340442997e-122 7.561086759883896e-45 8.80715104513207e-13
189.79049447758092 0.04999999999893481 1.0184761692885507e-17 1.8300482948764986e-21 1.5169068174192234e-41 2.6911374227443545e-119 6.417727111221811e-97 5.480090719146919e-114 1.0188421789475249e-17 0.9500000000010694 1.9190737745597764e-121 1.6895665715338906e-44 1.0656417989298843e-12
190.59049447758093 0.049999999998713074 1.3172553647309741e-17 2.7156365474131552e-21 3.033959150299255e-41 1.530781719934313e-118 2.9271452211757344e-96 3.308680947283441e-113 1.3177984920404559e-17 0.9500000000012915 1.3300369750966495e-120 3.7509419235911177e-44 1.2874338298881712e-12
191.39049447758092 0.049999999998447474 1.7000820731816114e-17 4.0168020925876e-21 6.033919205794043e-41 8.584225451539337e-118 1.317310411184439e-95 1.9685099355775363e-112 1.7008854336001288e-17 0.9500000000015569 9.073665857301534e-120 8.273983212565959e-44 1.553046844866856e-12
