Temp Th_NH3 Th_NH2 Th_NH Th_N Th_NN Th_NNH Th_N2 Th_H Th P_N2 P_H2 P_NH3
100.0 0.45 0.0 0.0 0.0 0.0 0.0 0.0 0.0 0.55 0.0 0.0 0.0
100.0001 0.45 2.161459264273841e-46 2.6883494046773434e-69 6.914957009514573e-118 3.06e-321 8.3985839568316e-273 -0.0 2.161459264273841e-46 0.5499999999999995 -0.0 1.0910424717675673e-128 2.5434451435419118e-30
100.0003167876479 0.45000000000000007 6.8481102125292485e-46 2.698365018916536e-68 2.199084189980012e-116 9.935695e-318 8.495287225055243e-270 0.0 6.8481102125292485e-46 0.5499999999999993 0.0 3.4698371319505253e-127 8.057993879346024e-30
100.0010392026309 0.4500000000000002 2.2474369873136025e-45 2.9055364295683334e-67 7.771948611232887e-115 4.0753063917e-314 1.061642585393837e-266 -0.0 2.2474369873136025e-45 0.5499999999999993 -0.0 1.2264429670318e-125 2.644112713516508e-29
100.00803706958655 0.45000000000000023 1.745324742240059e-44 1.74806362772898e-65 3.6348931541827934e-112 6.964138792377855e-308 2.333856327353971e-261 -0.0 1.745324742240059e-44 0.5499999999999993 -0.0 5.7424390845773324e-123 2.0504557341982636e-28
100.07214005563903 0.45000000000000034 1.627308204003955e-43 1.486201853998083e-63 2.908323200512641e-109 4.390448958041562e-301 1.564462527848753e-255 8.0783e-319 1.627308204003955e-43 0.5499999999999993 -0.0 4.64297606653577e-120 1.886765217814382e-27
100.69309086426176 0.45000000000000046 2.310946683648208e-42 2.377454851455622e-61 7.203817538005079e-106 6.605517693135057e-293 1.5239681456790955e-248 1.24328707337086e-309 2.310946683648208e-42 0.5499999999999993 5.0e-324 1.2961744081839208e-116 2.3274930601063566e-26
101.49309086426176 0.45000000000000057 8.707514550066369e-42 2.4178589110935434e-60 3.0485034000407546e-104 9.09985718491352e-289 5.0603651658707154e-245 4.326532255101229e-305 8.707514550066369e-42 0.5499999999999993 2.00245e-319 6.691635281922194e-115 7.084908602609526e-26
102.29309086426177 0.45000000000000057 2.466021587544675e-41 1.3537509886392972e-59 5.26271120733958e-103 1.561682560766721e-285 2.8201605555384133e-242 1.413634553432054e-301 2.466021587544675e-41 0.5499999999999993 1.10671788e-315 1.4650193400993478e-113 1.5749102123205912e-25
103.09309086426177 0.45000000000000057 6.388791213876196e-41 6.261332274643766e-59 6.788643580732182e-102 1.3541609559809758e-282 8.767716549239837e-240 2.138151783817528e-298 6.388791213876196e-41 0.5499999999999993 2.585234318654e-312 2.4551323928301987e-112 3.138804096575158e-25
103.89309086426177 0.45000000000000057 1.5902812249955207e-40 2.6623522665932968e-58 7.677694345452212e-101 8.562369871583568e-280 2.0834548619691863e-237 2.2716153267392626e-295 1.5902812249955207e-40 0.5499999999999993 4.08564299938647e-309 3.651119128529608e-111 5.937119980306214e-25
104.69309086426176 0.45000000000000057 3.866873260513841e-40 1.0812407958158234e-57 8.065433338541951e-100 4.5081022070346794e-277 4.2387247127795266e-235 1.9706339878927983e-292 3.866873260513841e-40 0.5499999999999993 5.1753055393517386e-306 5.065223301789113e-110 1.090169492166593e-24
105.49309086426176 0.45000000000000057 9.243241804745104e-40 4.258278460910443e-57 8.055798251213022e-99 2.0859233452991002e-274 7.729759555252112e-233 1.48405105998938e-289 9.243241804745104e-40 0.5499999999999993 5.629694944613292e-303 6.681529207846563e-109 1.9636360052325006e-24
106.29309086426177 0.45000000000000057 2.1777668642258942e-39 1.6367555846005732e-56 7.72721550077178e-98 8.682896246774826e-272 1.2887665671260012e-230 9.963084913552908e-287 2.1777668642258942e-39 0.5499999999999993 5.418606029679736e-300 8.44697949614352e-108 3.487933725683497e-24
107.09309086426177 0.45000000000000057 5.06350302797969e-39 6.157808013605781e-56 7.150946074596847e-97 3.2871593326656074e-269 1.9826687656203376e-228 6.036576196473843e-284 5.06350302797969e-39 0.5499999999999993 4.67886448512345e-297 1.0272204763541994e-106 6.126881517191719e-24
107.89309086426177 0.45000000000000057 1.162596525397008e-38 2.2708518328289295e-55 6.399456165002416e-96 1.1382282664356212e-266 2.827938717733496e-226 3.322020845714489e-281 1.162596525397008e-38 0.5499999999999993 3.650133474863902e-294 1.2039636658071945e-105 1.0660083377478887e-23
108.69309086426176 0.45000000000000057 2.637123939074249e-38 8.215584836032517e-55 5.545774191744224e-95 3.6173793649302396e-264 3.75061766376919e-224 1.6668439733913028e-278 2.637123939074249e-38 0.5499999999999993 2.5835260807476765e-291 1.3617541265283845e-104 1.838806653861399e-23
109.49309086426177 0.45000000000000057 5.911503895431103e-38 2.917631912041088e-54 4.6584751365992236e-94 1.0577991671381074e-261 4.635203894416502e-222 7.646448419485486e-276 5.911503895431103e-38 0.5499999999999993 1.6639282007276054e-288 1.487778550945756e-103 3.146438759259493e-23
110.29309086426177 0.45000000000000057 1.3099478177424102e-37 1.0175848063901415e-53 3.796044314012885e-93 2.852051414891671e-259 5.3472526830838825e-220 3.2142071324376353e-273 1.3099478177424113e-37 0.5499999999999993 9.774929212355565e-286 1.5714179208600674e-102 5.342946170299509e-23
111.09309086426177 0.45000000000000057 2.870193577329007e-37 3.4869111603711804e-53 3.0028226693729097e-92 7.103374766213724e-257 5.76731287862839e-218 1.2405376081351927e-270 2.87019357732901e-37 0.5499999999999993 5.24895284458016e-283 1.6057887575004986e-101 9.006266250409476e-23
111.89309086426177 0.45000000000000057 6.21979641464504e-37 1.1743852292732557e-52 2.3074014421374455e-91 1.6371263692454885e-254 5.824237820506612e-216 4.404363345238922e-268 6.219796414645048e-37 0.5499999999999993 2.5814922747344356e-280 1.5886935875055925e-100 1.5073317264341116e-22
112.69309086426176 0.45000000000000057 1.3333720226602645e-36 3.889026628197598e-52 1.7233858838858365e-90 3.497300412003949e-252 5.514941142373577e-214 1.4410247751801108e-265 1.3333720226602652e-36 0.5499999999999993 1.165002246892253e-277 1.5228116223781804e-99 2.5052722475163386e-22
113.49309086426177 0.45000000000000057 2.8283665585907535e-36 1.2667390112263267e-51 1.2518973794263244e-89 6.936085155234143e-250 4.903097703739281e-212 4.352360042018773e-263 2.8283665585907552e-36 0.5499999999999993 4.833136974082358e-275 1.415128415199069e-98 4.1357608249402123e-22
114.29309086426177 0.45000000000000057 5.937795578605986e-36 4.0597525238216184e-51 8.849819101845387e-89 1.2790934876823248e-247 4.098276834426893e-210 1.2155408457562069e-260 5.9377955786059934e-36 0.5499999999999993 1.8464662951142348e-272 1.2757621353332752e-97 6.7822925144584505e-22
115.09309086426177 0.45000000000000057 1.2339945046332946e-35 1.2806310044008609e-50 6.091506417479014e-88 2.1966072993204205e-245 3.2247015870144764e-208 3.1442035858030476e-258 1.233994504633297e-35 0.5499999999999993 6.507356642799032e-270 1.1164524609469573e-96 1.105045705147499e-21
115.89309086426178 0.45000000000000057 2.53916120281973e-35 3.977426949809209e-50 4.0848668387314645e-87 3.518051216728961e-243 2.3915307241099823e-206 7.544546866667945e-256 2.539161202819738e-35 0.5499999999999993 2.119038157586679e-267 9.490132679319261e-96 1.789062559112816e-21
116.69309086426178 0.45000000000000057 5.174215536654389e-35 1.2166676015239117e-49 2.6700882668139196e-86 5.2622464955297206e-241 1.673733530614376e-204 1.6819114879217274e-253 5.17421553665441e-35 0.5499999999999993 6.386220894545521e-265 7.840132631326839e-95 2.878517763712499e-21
117.49309086426177 0.45000000000000057 1.0443875314037606e-34 3.666631150943957e-49 1.7021316711031364e-85 7.361431514168155e-239 1.1067051885679944e-202 3.4887389161484764e-251 1.0443875314037679e-34 0.5499999999999993 1.7840253188131753e-262 6.298601783086711e-94 4.60325410054349e-21
118.29309086426177 0.45000000000000057 2.0884552357451553e-34 1.088976346487157e-48 1.0587653387062576e-84 9.644103913648672e-237 6.921661770760956e-201 6.743098815056805e-249 2.0884552357451766e-34 0.5499999999999993 4.626712643245611e-260 4.9235492642618774e-93 7.31756254317754e-21
119.09309086426177 0.45000000000000057 4.138244689124957e-34 3.188251032687528e-48 6.4292251617798875e-84 1.1847882138649884e-234 4.099262838040879e-199 1.216157329782398e-246 4.13824468912502e-34 0.5499999999999993 1.1155864633082995e-257 3.7468220355191903e-92 1.1564440912679307e-20
119.89309086426178 0.45000000000000057 8.126689668801719e-34 9.204345903596255e-48 3.813094471595074e-83 1.3666406355478939e-232 2.3013855825025343e-197 2.04953961550671e-244 8.126689668801905e-34 0.5499999999999993 2.50449832273349e-255 2.777342405785441e-91 1.8171439759543632e-20
120.69309086426178 0.45000000000000057 1.5819568064336923e-33 2.6209574458487807e-47 2.2098289888532733e-82 1.4819840313939327e-230 1.226083472895692e-195 3.2317707325765775e-242 1.5819568064337446e-33 0.5499999999999993 5.242471537226679e-253 2.006329263226373e-90 2.8392848537714786e-20
121.49309086426177 0.45000000000000057 3.0530499164051633e-33 7.363269984634065e-47 1.2519840451288834e-81 1.5126377323871707e-228 6.205038152227478e-194 4.7742871204298277e-240 3.0530499164053094e-33 0.5499999999999993 1.024576142212926e-250 1.4131893530332375e-89 4.4119507664005173e-20
122.29309086426179 0.45000000000000057 5.8425773946857516e-33 2.0414523344999238e-46 6.937287148536262e-81 1.4549277440451286e-226 2.9860544193021613e-192 6.616245605244887e-238 5.842577394686163e-33 0.5499999999999993 1.8720813060036777e-248 9.710399828468557e-89 6.818679987570709e-20
123.09309086426178 0.45000000000000057 1.108861706309646e-32 5.586973635102926e-46 3.761127465940956e-80 1.3202695133886738e-224 1.3677402176277358e-190 8.611659483337898e-236 1.1088617063097594e-32 0.5499999999999993 3.202152197786075e-246 6.51208701369968e-88 1.0482445727518491e-19
123.89309086426178 0.45000000000000057 2.0874778076726429e-32 1.509701526341598e-45 1.99602458250349e-79 1.1315797152360423e-222 5.968635054031349e-189 1.0540408764208196e-233 2.0874778076729456e-32 0.5499999999999993 5.133883342954992e-244 4.264341560122983e-87 1.6031019901677195e-19
124.69309086426178 0.45000000000000057 3.898570340857657e-32 4.028915230667682e-45 1.0373145460421378e-78 9.170296162409354e-221 2.4837863889347197e-187 1.2146000155042884e-231 3.898570340858462e-32 0.5499999999999993 7.7245412601173e-242 2.7279077855187382e-86 2.43914908793413e-19
125.49309086426177 0.45000000000000057 7.224264682911952e-32 1.062112498254262e-44 5.2811024234882925e-78 7.034276263565878e-219 9.865369038602898e-186 1.3192017923477113e-229 7.224264682914073e-32 0.5499999999999993 1.0920546686943562e-239 1.7054755762265562e-85 3.692628147541758e-19
126.29309086426179 0.45000000000000057 1.3284670058052881e-31 2.7665495881716247e-44 2.6349761109711897e-77 5.112623997296995e-217 3.743298476675447e-184 1.351996782290466e-227 1.3284670058058412e-31 0.5499999999999993 1.4523462681339003e-237 1.042525760337939e-84 5.562796568148582e-19
127.09309086426178 0.45000000000000057 2.424595067186961e-31 7.121797688112831e-44 1.2889347935274019e-76 3.5244866894308e-215 1.3580324903470743e-182 1.3088767764042488e-225 2.424595067188386e-31 0.5499999999999993 1.819057568646557e-235 6.233561041198769e-84 8.339701109188037e-19
127.89309086426178 0.45000000000000057 4.392582206833908e-31 1.812254925272437e-43 6.183686960551894e-76 2.306767040819938e-213 4.71458743373031e-181 1.1982321776320455e-223 4.392582206837532e-31 0.5499999999999993 2.1481133471845203e-233 3.647303299259388e-83 1.2443594790180204e-18
128.6930908642618 0.45000000000000057 7.900457116467883e-31 4.559532533365083e-43 2.910599649527504e-75 1.434779225709779e-211 1.5675062988025675e-179 1.0383680915136405e-221 7.900457116477002e-31 0.5499999999999993 2.3942772798405238e-231 2.0891397195506334e-82 1.848062778549556e-18
129.49309086426177 0.45000000000000057 1.4108931517062662e-30 1.1344446916192407e-42 1.3445847379305002e-74 8.488818510307434e-210 4.995195143549394e-178 8.526441250311888e-220 1.4108931517085347e-30 0.5499999999999993 2.5214978712139767e-229 1.1719051609114084e-81 2.7321187451889422e-18
130.29309086426179 0.45000000000000057 2.5020854533890254e-30 2.7918797104716742e-42 6.098361760668579e-74 4.781758245580614e-208 1.5268986610535446e-176 6.640757888489396e-218 2.5020854533946085e-30 0.5499999999999993 2.5116483343453094e-227 6.44038916538897e-81 4.020962606866795e-18
131.0930908642618 0.45000000000000057 4.4068818444487064e-30 6.797460376764116e-42 2.7164546053682414e-73 2.566810937657901e-206 4.4803441182568844e-175 4.9104097403776097e-216 4.4068818444623025e-30 0.5499999999999993 2.3687180205553966e-225 3.468867342277101e-80 5.891730503485454e-18
131.89309086426178 0.45000000000000057 7.7096692417411e-30 1.6376362011603687e-41 1.1887689131741011e-72 1.314148271582604e-204 1.2629227185441633e-173 3.4504429937794516e-214 7.709669241773855e-30 0.5499999999999993 2.117141377250035e-223 1.8317938220751565e-79 8.595517305580733e-18
132.6930908642618 0.45000000000000057 1.339885477391126e-29 3.9047305872795903e-41 5.112533953649454e-72 6.422561954864828e-203 3.422311528272039e-172 2.3061419881591036e-212 1.3398854773989367e-29 0.5499999999999993 1.795087876553471e-221 9.487076642730015e-79 1.2486783889625399e-17
133.49309086426177 0.45000000000000057 2.3135477883387345e-29 9.21611303335575e-41 2.161491396748392e-71 2.9987902190056943e-201 8.921651976524277e-171 1.467367300179132e-210 2.3135477883571674e-29 0.5499999999999993 1.4452013602076354e-219 4.820644316049222e-78 1.8063875996451698e-17
134.29309086426179 0.45000000000000057 3.9693389056017657e-29 2.1536040412729187e-40 8.986300166462996e-71 1.338781055739797e-199 2.2389908596177812e-169 8.896344350375933e-209 3.969338905644837e-29 0.5499999999999993 1.105797434670178e-217 2.40403626253574e-77 2.6024634786778964e-17
135.09309086426177 0.45000000000000057 6.76761536700576e-29 4.983353504648611e-40 3.674911579209778e-70 5.719291758158495e-198 5.412924023385209e-168 5.143677233885997e-207 6.76761536710543e-29 0.5499999999999993 8.048515070692285e-216 1.1770180426974594e-76 3.734242691830471e-17
135.89309086426178 0.45000000000000057 1.1467761656981244e-28 1.1420626868126798e-39 1.4786891179132892e-69 2.33980482949931e-196 1.261445546780349e-166 2.8384808371488007e-205 1.146776165720966e-28 0.5499999999999993 5.577353991738508e-214 5.65940785458132e-76 5.3369699674476767e-17
136.69309086426176 0.45000000000000057 1.9314957687344832e-28 2.5926476173298154e-39 5.855896476523704e-69 9.173801529068564e-195 2.835566128103025e-165 1.49623808722605e-203 1.931495768786337e-28 0.5499999999999993 3.682844526533641e-212 2.6732585752519425e-75 7.597850315000106e-17
137.49309086426177 0.45000000000000057 3.2338993990086635e-28 5.831141145220552e-39 2.2830536455129077e-68 3.449621210151303e-193 6.152009492152806e-164 7.539839597712657e-202 3.2338993991252856e-28 0.5499999999999993 2.3192265375432467e-210 1.240869829960291e-74 1.0775048154900778e-16
138.29309086426176 0.45000000000000057 5.38296270664747e-28 1.2995401166661044e-38 8.765202977416652e-68 1.2449688789812348e-191 1.2890361897318486e-162 3.6350167818759643e-200 5.382962706907379e-28 0.5499999999999993 1.3939946983986304e-208 5.661830674720032e-74 1.5223282948548657e-16
138.69309086426176 0.45000000000000057 6.929959862612251e-28 1.9334762402232247e-38 1.7077207979702744e-67 7.36628363714383e-191 5.824959320072153e-162 2.48309561198736e-199 6.929959862998943e-28 0.5499999999999993 1.0623618167493453e-207 1.2017566276960046e-73 1.80695237527338e-16
139.09309086426177 0.45000000000000057 8.908853495648263e-28 2.870250990609034e-38 3.314707326928071e-67 4.315223757623815e-190 2.609986242001127e-161 1.6779510166558997e-198 8.908853496222314e-28 0.5499999999999993 8.004287749400062e-207 2.5401537029284858e-73 2.142819040131112e-16
139.49309086426177 0.45000000000000057 1.1436679287131961e-27 4.251488939247144e-38 6.410041023224759e-67 2.502950096112132e-189 1.1596581606455405e-160 1.1218206809584227e-197 1.1436679287982267e-27 0.5499999999999993 5.963165289560737e-206 5.346908047407509e-73 2.538797296034505e-16
139.89309086426175 0.45000000000000057 1.4661226849448489e-27 6.283628991046493e-38 1.2350298190379804e-66 1.4375745223170317e-188 5.1097389875463696e-160 7.421057857500375e-197 1.4661226850705222e-27 0.5499999999999993 4.393216234072622e-205 1.1208821222875957e-72 3.005229175489703e-16
140.09309086426177 0.45000000000000057 1.6591253743716898e-27 7.632923575067183e-38 1.7119472713893306e-66 3.432646672911628e-188 1.0692615965364259e-159 1.9011821970620065e-196 1.6591253745243484e-27 0.5499999999999993 1.1874909348100859e-204 1.6204055342971849e-72 3.268556837745201e-16
140.29309086426176 0.45000000000000057 1.8768868369576718e-27 9.266940777365756e-38 2.3708749661220067e-66 8.176618356431098e-188 2.2329290844089055e-159 4.857865140718538e-196 1.876886837143013e-27 0.5499999999999993 3.200969284465874e-204 2.3401665396650575e-72 3.554164023289963e-16
140.49309086426177 0.45000000000000057 2.1224995096373522e-27 1.124470197879342e-37 3.2804537198538486e-66 1.9429815161072094e-187 4.653453428489042e-159 1.2380435740305702e-195 2.1224995098622476e-27 0.5499999999999993 8.604805902838393e-204 3.376221606233989e-72 3.86386793056389e-16
140.69309086426176 0.45000000000000057 2.39943156448034e-27 1.3637243311101061e-37 4.534901288842716e-66 4.605940827811551e-187 9.678076455429604e-159 3.1470235546551716e-195 2.399431564753087e-27 0.5499999999999993 2.3068217350285464e-203 4.866067234538328e-72 4.199628385201534e-16
140.89309086426178 0.45000000000000057 2.7115712737676343e-27 1.6530016567204976e-37 6.263427753091207e-66 1.0892490604219839e-186 2.008721360550503e-158 7.97888871092908e-195 2.7115712740982392e-27 0.5499999999999993 6.167446400437153e-203 7.006321880896318e-72 4.563558590494075e-16
141.09309086426177 0.45000000000000057 3.0632764602860426e-27 2.0025760895624002e-37 8.643074577827341e-66 2.5698014983449937e-186 4.160744391004859e-158 2.0177525254731148e-194 3.063276460686562e-27 0.5499999999999993 1.644447836788838e-202 1.0077869124774152e-71 4.957936654247592e-16
141.29309086426179 0.45000000000000057 3.459429598002461e-27 2.4247935825673416e-37 1.191620692180661e-65 6.0483912035434385e-186 8.600956686953284e-158 5.089570883453742e-194 3.459429598487424e-27 0.5499999999999993 4.372835420421727e-202 1.4481575377407548e-71 5.385217945622159e-16
141.49309086426177 0.45000000000000057 3.9054991891024884e-27 2.934482324402159e-37 1.6414324832529162e-65 1.4202095287570592e-185 1.774395984732161e-157 1.2805215209592263e-193 3.905499189689389e-27 0.5499999999999993 1.1596832599560055e-201 2.0788979861080377e-71 5.848048339059695e-16
141.6930908642618 0.45000000000000057 4.4076081105298356e-27 3.549442617232131e-37 2.259044773954286e-65 3.3269137650990674e-185 3.6533059755662334e-157 3.2135842350354576e-193 4.407608111239726e-27 0.5499999999999993 3.067282343626589e-201 2.981416290580047e-71 6.349278406152279e-16
141.79309086426179 0.45000000000000057 4.681788201302583e-27 3.902916551411361e-37 2.649308657598658e-65 5.0874910912652437e-185 5.2381668446119595e-157 5.086030361971961e-193 4.681788202083169e-27 0.5499999999999993 4.983411398200648e-201 3.569089404964897e-71 6.61524381271585e-16
141.89309086426178 0.45000000000000057 4.972609697280232e-27 4.2910316150873465e-37 3.1063120916606096e-65 7.775199328262844e-185 7.506835472277377e-157 8.044410244167365e-193 4.97260969813844e-27 0.5499999999999993 8.091165386270222e-201 4.271554203706858e-71 6.8919786202790395e-16
142.6930908642618 0.45000000000000023 8.029192018354933e-27 9.118340281746786e-37 1.1008857495197845e-64 2.2661818038522964e-183 1.3121070468785432e-155 3.0803989306918435e-191 8.029192020178606e-27 0.549999999999999 3.815374771734219e-199 1.7824328593921073e-70 9.547532000263225e-16
143.49309086426177 0.45000000000000023 1.2896948218302801e-26 1.921813547154251e-36 3.848225544728327e-64 6.366480629869111e-182 2.2229467587770208e-154 1.133770903917664e-189 1.2896948222146435e-26 0.5499999999999998 1.7256925314551823e-197 7.324240655879773e-70 1.318156102627583e-15
144.29309086426179 0.44999999999999984 2.060948829764322e-26 4.01797044500017e-36 1.3270842210489323e-63 1.725037798514688e-180 3.6522662949042304e-153 4.0134393618870165e-188 2.0609488305679183e-26 0.5500000000000009 7.491295397259409e-196 2.9644488134277494e-69 1.813822668145117e-15
145.09309086426177 0.4499999999999992 3.2767950577569573e-26 8.33411767192715e-36 4.515985849518188e-63 4.510767448559454e-179 5.822203440295779e-152 1.367285074521821e-186 3.276795059423785e-26 0.5500000000000016 3.123266193078083e-194 1.1821281473138465e-68 2.487701606502031e-15
145.89309086426178 0.4499999999999984 5.184048365228802e-26 1.7152445149735003e-35 1.5167607837125797e-62 1.138956252459251e-177 9.009833872841791e-151 4.4856326156655815e-185 5.184048368659292e-26 0.5500000000000026 1.2514255620038747e-192 4.645467167876355e-68 3.400947673091786e-15
146.69309086426176 0.4499999999999972 8.161342423613892e-26 3.503167240697239e-35 5.029030914989091e-62 2.778530008509334e-176 1.354124985247254e-149 1.417999044235483e-183 8.161342430620228e-26 0.5500000000000042 4.821965097986653e-191 1.7994557425939768e-67 4.634704485816608e-15
147.49309086426177 0.4499999999999955 1.2786782667039847e-25 7.100972614551733e-35 1.6464346010085988e-61 6.552633972085267e-175 1.9775009075945707e-148 4.3219068193934016e-182 1.2786782681241788e-25 0.5500000000000059 1.7878832985369286e-189 6.872272475778147e-67 6.296313443051949e-15
148.29309086426176 0.44999999999999346 1.9938923020498486e-25 1.4287278172294066e-34 5.323361499863537e-61 1.4946710800724678e-173 2.8073039166296265e-147 1.2707968282007532e-180 1.9938923049073043e-25 0.5500000000000081 6.382892375002419e-188 2.588244673432387e-66 8.52735064254911e-15
149.09309086426177 0.4499999999999906 3.0946798073793103e-25 2.8536933122736682e-34 1.700181055991889e-60 3.299402843693852e-172 3.8758888333122804e-146 3.6068386753451e-179 3.0946798130866976e-25 0.5500000000000113 2.1954351262662134e-186 9.615066212433589e-66 1.1514000378951101e-14
149.89309086426175 0.44999999999998674 4.781184915666941e-25 5.659024500604417e-34 5.364839463618188e-60 7.051982351388292e-171 5.20657676379556e-145 9.887136148273016e-178 4.78118492698499e-25 0.5500000000000156 7.279547115330175e-185 3.523996048951241e-65 1.550040703521206e-14
150.69309086426176 0.4499999999999815 7.353475640431677e-25 1.114298670817671e-33 1.672836324671292e-59 1.4601404491680223e-169 6.807974942203023e-144 2.619061507498155e-176 7.353475662717651e-25 0.5500000000000209 2.3281947735363936e-183 1.2745208149849004e-64 2.0805813152818095e-14
151.49309086426175 0.4499999999999746 1.125946911369354e-24 2.178891768541636e-33 5.155447959767666e-59 2.930234072393549e-168 8.668615044496478e-143 6.707882488132275e-175 1.1259469157271369e-24 0.5500000000000284 7.186389029648791e-182 4.5496407555707475e-64 2.7846497669930442e-14
152.29309086426176 0.4499999999999653 1.7164908926044176e-24 4.231466906022282e-33 1.5706339531358793e-58 5.702252555043123e-167 1.0752879983843471e-141 1.661950409718849e-173 1.716490901067351e-24 0.5500000000000377 2.1419964576939394e-180 1.603298232315787e-63 3.716378385269431e-14
153.09309086426174 0.4499999999999531 2.605511496212272e-24 8.162322285054356e-33 4.731043064052201e-58 1.0765514798167265e-165 1.2999190317889475e-140 3.9853557647336526e-172 2.6055115125369158e-24 0.55000000000005 6.168485379512707e-179 5.57885536675964e-63 4.9459702316801606e-14
153.89309086426175 0.4499999999999372 3.938232389068164e-24 1.5640452952532678e-32 1.4092507857046773e-57 1.972744481979688e-164 1.5321217830067589e-139 9.254468432487363e-171 3.938232420349072e-24 0.5500000000000663 1.717198076640744e-177 1.9171417648115288e-62 6.564228402172877e-14
154.69309086426173 0.4499999999999158 5.927818527372894e-24 2.9774335446410085e-32 4.151869426904984e-57 3.5103774957936406e-163 1.7612492095658152e-138 2.0820235044655098e-169 5.927818586921565e-24 0.5500000000000874 4.623489432082183e-176 6.507657773850983e-62 8.68829372024748e-14
155.49309086426175 0.4499999999998883 8.885900625135824e-24 5.631647303908068e-32 1.2100299773574657e-56 6.068466205650119e-162 1.9754223938605218e-137 4.540247983180696e-168 8.885900737768766e-24 0.550000000000116 1.2046140201329484e-174 2.1824175830998434e-61 1.1468895007894124e-13
156.29309086426173 0.449999999999852 1.3266250936742735e-23 1.0584540575702025e-31 3.489129999898342e-56 1.0196177460420288e-160 2.162558908181922e-136 9.601499562756997e-167 1.3266251148433537e-23 0.5500000000001523 3.0385821027046662e-173 7.232248297432305e-61 1.5099488085200552e-13
157.09309086426174 0.44999999999980456 1.9727035553408055e-23 1.9769399519807533e-31 9.955815435805435e-56 1.6657755552394597e-159 2.3115218945558496e-135 1.969997540665927e-165 1.9727035948796038e-23 0.5500000000001999 7.424224953957841e-172 2.3686952177653893e-60 1.982774754551929e-13
157.89309086426172 0.449999999999743 2.9219207479383965e-23 3.6697857915275147e-31 2.8115373695196535e-55 2.6472793476358397e-158 2.4132347541347507e-134 3.923348981146563e-164 2.9219208213341103e-23 0.5500000000002611 1.757908029242033e-170 7.668702594801002e-60 2.596998245816053e-13
158.69309086426173 0.4499999999996632 4.311154833176753e-23 6.771014923484271e-31 7.859329839359493e-55 4.0941815334035117e-157 2.4616038800417728e-133 7.5876341988846e-163 4.31115496859705e-23 0.5500000000003403 4.0356146296010814e-169 2.454632101455084e-59 3.3929177368684687e-13
159.49309086426172 0.44999999999956053 6.336690257587411e-23 1.2418578761292822e-30 2.1750425304164034e-54 6.164455305768826e-156 2.4541182639747827e-132 1.4256197542439083e-161 6.336690505958987e-23 0.5500000000004432 8.986515049743002e-168 7.76919776863507e-59 4.421751793457602e-13
160.29309086426173 0.44999999999942786 9.278966259889469e-23 2.2642978808332345e-30 5.960122892290499e-54 9.039727878910597e-155 2.3920450799156807e-131 2.6033635190919046e-160 9.27896671274905e-23 0.5500000000005757 1.941943606093887e-166 2.4319978748740324e-58 5.748445174637424e-13
161.0930908642617 0.44999999999925744 1.3537207079376898e-22 4.104653232575598e-30 1.617376994923753e-53 1.2915712484614057e-153 2.280204245097597e-130 4.622553613947992e-159 1.353720790030755e-22 0.5500000000007467 4.0741532254679575e-165 7.530399657137852e-58 7.455156583997431e-13
161.89309086426172 0.4499999999990383 1.967770916653496e-22 7.398396519379636e-30 4.347083784381111e-53 1.7986627186266033e-152 2.1263695395047432e-129 7.984059899492562e-158 1.9677710646214273e-22 0.5500000000009658 8.301976865177044e-164 2.3067996061462976e-57 9.645584077482593e-13
162.6930908642617 0.449999999998758 2.850093818869672e-22 1.326029534956275e-29 1.1573810378042234e-52 2.4423741007930904e-151 1.9403966764748565e-128 1.34194730007358e-156 2.8500940840755796e-22 0.5500000000012466 1.64381673837814e-162 6.992082673084148e-57 1.2450317596932942e-12
163.49309086426172 0.44999999999839974 4.113444509248685e-22 2.3635173441397755e-29 3.0528539786250375e-52 3.2349329809326164e-150 1.7332106424065786e-127 2.1957794893478672e-155 4.1134449819521555e-22 0.550000000001605 3.1639798846209948e-161 2.097367822006777e-56 1.6033448286847294e-12
164.29309086426173 0.44999999999794305 5.916110426286555e-22 4.1897609435612734e-29 7.97894691606097e-52 4.180858785055171e-149 1.5157916740667265e-126 3.499064828763713e-154 5.916111264238749e-22 0.5500000000020615 5.922426520283868e-160 6.227005315115302e-56 2.0600712392860054e-12
165.0930908642617 0.4499999999973622 8.479551585372606e-22 7.387180791740068e-29 2.0665809497895806e-51 5.274317323641698e-148 1.2982829100337877e-125 5.432383445141811e-153 8.479553062808773e-22 0.5500000000026424 1.0785122943749996e-158 1.830140515460377e-55 2.6409505092857893e-12
165.8930908642617 0.44999999999662516 1.211258709122267e-21 1.2955696606666642e-28 5.304969549082231e-51 6.497077375451388e-147 1.0893090079189338e-124 8.219889811371642e-152 1.2112589682362e-21 0.5500000000033796 1.911526993108799e-157 5.3254087321571525e-55 3.378116828050969e-12
166.6930908642617 0.4499999999956918 1.7244450732530544e-21 2.2603112765066846e-28 1.349870935772448e-50 7.817510065563771e-146 8.955523846828074e-124 1.2126559814792753e-150 1.7244455253153112e-21 0.5500000000043129 3.2986246032251744e-156 1.5344273111658603e-54 4.311603809507767e-12
167.49309086426172 0.4499999999945123 2.4469824926866257e-21 3.9231366372955127e-28 3.405137667571867e-50 9.190989463619138e-145 7.215910742286765e-123 1.74486218600492e-149 2.4469832773139547e-21 0.5500000000054929 5.544297217492746e-155 4.3784958334971414e-54 5.491183518644116e-12
168.2930908642617 0.4499999999930248 3.4610002260102624e-21 6.774667203224277e-28 8.516543211459163e-50 1.0561887275719575e-143 5.699667905078025e-122 2.449567738076479e-148 3.461001580943705e-21 0.5500000000069802 9.079923426291225e-154 1.2375081062137724e-53 6.978609601171911e-12
169.09309086426168 0.4499999999911532 4.879569494404392e-21 1.1640265872224414e-27 2.1121777233265857e-49 1.1867126520476086e-142 4.414281498169359e-121 3.35639138543041e-147 4.879571822457569e-21 0.5500000000088522 1.4494319388404004e-152 3.4647650123572226e-53 8.850348000219669e-12
169.8930908642617 0.4499999999888026 6.857881477118265e-21 1.9901632771631084e-27 5.195019487207976e-49 1.3041006734408811e-141 3.352835455261511e-120 4.490118031403695e-146 6.857885457444825e-21 0.5500000000112031 2.256048063153272e-151 9.610792088414057e-53 1.1200894883261899e-11
170.6930908642617 0.4499999999858566 9.608290827329432e-21 3.3860650281517035e-27 1.2673126328671392e-48 1.4020784609131681e-140 2.49799585423826e-119 5.8666390328917775e-145 9.608297599459493e-21 0.5500000000141488 3.4251987031201547e-150 2.641558450576275e-52 1.4146800444996076e-11
171.4930908642617 0.44999999998217194 1.3420501883146228e-20 5.733396893667309e-27 3.0666874426645605e-48 1.4752336397088066e-139 1.825911938012543e-118 7.488747112607759e-144 1.3420513349940018e-20 0.5500000000178337 5.074103082976647e-149 7.195017550470482e-52 1.7831539680049045e-11
172.29309086426167 0.4499999999775723 1.8688577049811395e-20 9.662013775504073e-27 7.361949435338782e-48 1.5195177263467915e-138 1.30964591768946e-117 9.342352498402252e-143 1.8688596373838964e-20 0.5500000000224337 7.336945802135813e-148 1.9423523337040045e-51 2.243139758915034e-11
173.09309086426168 0.4499999999718409 2.5946969644538454e-20 1.6206547556859968e-26 1.75348161510027e-47 1.5326182389154753e-137 9.219072430517394e-117 1.1393761890785366e-141 2.594700205763358e-20 0.5500000000281645 1.0358516305914919e-146 5.197585340409965e-51 2.8162567233200595e-11
173.8930908642617 0.4499999999647139 3.59184610598267e-20 2.7058787569110274e-26 4.144205773175784e-47 1.514153454610284e-136 6.370144414874871e-116 1.3588634761245257e-140 3.5918515177401845e-20 0.5500000000352915 1.4283908867944394e-145 1.3788108229834193e-50 3.5289695315811845e-11
174.69309086426168 0.4499999999558675 4.957775784127456e-20 4.497263992020525e-26 9.719835193027171e-47 1.4656679881959536e-135 4.3212142130197e-115 1.5853086451248203e-139 4.957784778655442e-20 0.5500000000441381 1.9244308942817947e-144 3.626504380191039e-50 4.4136152398321616e-11
175.49309086426166 0.44999999994490725 6.82356331336022e-20 7.441104660343531e-26 2.2625539448635682e-46 1.3904359565689884e-134 2.8781872641480223e-114 1.8097152333914604e-138 6.823578195569541e-20 0.5500000000550981 2.5339568763961236e-143 9.45806519515176e-50 5.509635439571332e-11
176.29309086426167 0.44999999993135326 9.364994825403397e-20 1.2257494401022944e-25 5.227638892484217e-46 1.2931047599902119e-133 1.8825568119469806e-113 2.0220495331139641e-137 9.365019340392203e-20 0.5500000000686522 3.2619041431774697e-142 2.446223753426637e-49 6.865051976876243e-11
177.09309086426168 0.44999999991462153 1.2817175116904676e-19 2.0103286283348676e-25 1.1990082334530674e-45 1.1792319812775113e-132 1.2093419437938284e-112 2.2119885040404882e-136 1.2817215323477242e-19 0.5500000000853843 4.106286319614675e-141 6.2750639436826255e-49 8.538231407396118e-11
177.89309086426167 0.44999999989400413 1.7493702893831094e-19 3.2829087889393375e-25 2.730179949355336e-45 1.0547777518171632e-131 7.6309013180249525e-112 2.3697666197118173e-135 1.7493768552006876e-19 0.5500000001060019 5.056638531559823e-140 1.596671942936886e-48 1.0599991169044019e-10
178.69309086426165 0.44999999986864303 2.381177279593274e-19 5.338286426321992e-25 6.172409335045077e-45 9.256144112054643e-131 4.7302050572755835e-111 2.4870229480657934e-134 2.3811879561661254e-19 0.5500000001313631 6.093060303589888e-139 4.030281778526606e-48 1.3136109524146148e-10
179.49309086426166 0.4499999998375012 3.23249520518455e-19 8.644117729677107e-25 1.3856501077800733e-44 7.971056605407661e-130 2.8807909822479855e-110 2.5575443372695594e-133 3.232512493420011e-19 0.5500000001625047 7.186109936145529e-138 1.0093065719344382e-47 1.62503118317911e-10
180.29309086426167 0.4499999997993261 4.376587023716972e-19 1.3939244532171413e-24 3.0890732283783337e-44 6.737914483966262e-129 1.7239336372033883e-109 2.5778117959782826e-132 4.3766149022060355e-19 0.5500000002006794 8.297718738643903e-137 2.5079781719090193e-47 2.0067817869201242e-10
181.09309086426165 0.4499999997526088 5.910168194729521e-19 2.23862401318366e-24 6.839403566613094e-44 5.591960468696386e-128 1.0138074729933447e-108 2.5472833437765837e-131 5.910212967209785e-19 0.5500000002473968 9.383167300549508e-136 6.184172076376739e-47 2.473954896592349e-10
181.89309086426164 0.4499999996955333 7.960594720332158e-19 3.580713866858562e-24 1.5040511507595834e-43 4.557586255180301e-127 5.859575877009554e-108 2.468383136418151e-130 7.960666334609494e-19 0.5500000003044728 1.0394014814920253e-134 1.513352056344822e-46 3.0447109915482875e-10
182.69309086426165 0.4499999996259176 1.069515638596768e-18 5.704628853756988e-24 3.2854858240426166e-43 3.6487085086045124e-126 3.32892039949169e-107 2.3462069932831447e-129 1.069527047854475e-18 0.5500000003740886 1.1281721626982905e-133 3.675713448470896e-46 3.7408679289667594e-10
183.49309086426166 0.4499999995411448 1.4333063052341683e-18 9.052673719507957e-24 7.129626960050816e-43 2.8699626531404087e-125 1.8591732826969106e-106 2.1879915347857853e-128 1.4333244105816067e-18 0.5500000004588618 1.2001582508568375e-132 8.861934483152298e-46 4.588596324349509e-10
184.29309086426164 0.44999999943808033 1.91608679552168e-18 1.4310013128139095e-23 1.5370966878246427e-42 2.218418850213658e-124 1.0208710431118518e-105 2.002421926982833e-127 1.9161154155479345e-18 0.5500000005619257 1.25165180704895e-131 2.121005796456011e-45 5.619239255014144e-10
185.09309086426163 0.44999999931297646 2.55522673809539e-18 2.253401103573266e-23 3.2926005976119746e-42 1.6855304264774954e-123 5.512074598480493e-105 1.798867829086725e-126 2.555271806117458e-18 0.5500000006870296 1.2800269640074253e-130 5.0399023925555466e-45 6.870277087889662e-10
185.89309086426164 0.44999999916135813 3.3993460152911673e-18 3.535033408625587e-23 7.008355092518421e-42 1.2590675317688565e-122 2.92694807208342e-104 1.5866373886567782e-125 3.399416715959339e-18 0.5500000008386485 1.2839611579178096e-129 1.1890747958643887e-44 8.386461471332187e-10
186.69309086426165 0.4499999989778898 4.511555453033442e-18 5.5249197184518e-23 1.4824068280266183e-41 9.248527058626546e-122 1.5287541769072121e-103 1.3743265569668892e-124 4.51166595142781e-18 0.5500000010221169 1.2635323580493843e-128 2.785750098374586e-44 1.0221146234848143e-9
187.49309086426163 0.44999999875621965 5.973588836134302e-18 8.60312779466548e-23 3.1162153685658926e-41 6.681855596446815e-121 7.855156117887408e-103 1.1693191995782879e-123 5.9737608986901965e-18 0.5500000012437871 1.2201831817087706e-127 6.481261794358112e-44 1.2437847171859278e-9
188.29309086426161 0.44999999848879785 7.89105976736667e-18 1.3347652909860405e-22 6.510737346687404e-41 4.74909127273016e-120 3.9713982138167e-102 9.774671511523472e-123 7.89132672042487e-18 0.5500000015112094 1.156560320667161e-126 1.4976118031728687e-43 1.5112067507587413e-9
189.09309086426163 0.44999999816666153 1.0400135003772725e-17 2.0634378709420244e-22 1.352100171923102e-40 3.3212295935530854e-119 1.9759941698426044e-101 8.029532561217463e-122 1.0400547691346915e-17 0.5500000018333455 1.076253221545732e-125 3.4371496967217563e-43 1.8333431353469024e-9
189.89309086426164 0.4499999977791875 1.3675987712396906e-17 3.1785961216903717e-22 2.791234417471065e-40 2.2858426705393884e-118 9.677626190851193e-101 6.483184571100803e-121 1.367662343162124e-17 0.55000000222082 9.834670599908855e-125 7.835987765799742e-43 2.2208173706839256e-9
190.69309086426162 0.44999999731380064 1.794348263284797e-17 4.879282136702459e-22 5.728286435209257e-40 1.548584709245274e-117 4.666436422604747e-100 5.1461864937171025e-120 1.7944458489275308e-17 0.5500000026862071 8.82670292881809e-124 1.7746845347588775e-42 2.6862042665396705e-9
191.4930908642616 0.4499999967556372 2.3490654093076665e-17 7.464006196488326e-22 1.168761221041821e-39 1.0328682721629401e-116 2.2158085505889716e-99 4.0166924102174094e-119 2.349214689431595e-17 0.5500000032443703 7.78256185481153e-123 3.9931544578616877e-42 3.2443677596456714e-9
192.29309086426161 0.44999999608715135 3.0685671632474694e-17 1.1378946659805716e-21 2.3709951619366567e-39 6.783508145578347e-116 1.0363602574800516e-98 3.0833465957312886e-118 3.068794742180661e-17 0.5500000039128559 6.742515006215854e-122 8.92716215836386e-42 3.912853614943378e-9
193.09309086426163 0.4499999952876596 3.999815198085533e-17 1.7288780667373622e-21 4.782665268663309e-39 4.387723190074739e-115 4.775576682394627e-98 2.3282492357523933e-117 4.0001609736988766e-17 0.5500000047123478 5.7409562000788775e-121 1.9831126561523582e-41 4.7123453357684415e-9
193.8930908642616 0.44999999433281235 5.2025876735116794e-17 2.6180432626003124e-21 9.593429302782628e-39 2.7955895409125845e-114 2.168629618701346e-97 1.729698341543232e-116 5.203111282164197e-17 0.5500000056671955 4.805017575472185e-120 4.377757759277668e-41 5.667192778850926e-9
194.6930908642616 0.4499999931939808 6.752821995426989e-17 3.951455032561132e-21 1.9136917311211138e-38 1.754803696985485e-113 9.707327583808219e-97 1.2645126913913344e-115 6.753612286433498e-17 0.5500000068060269 3.954006076123828e-119 9.60416555265438e-41 6.806024292926879e-9
195.4930908642616 0.44999999183755035 8.746788825487896e-17 5.944596298300708e-21 3.796587684604049e-38 1.085360335022498e-112 4.284306897882183e-96 9.09837291983517e-115 8.747977744747555e-17 0.5500000081624571 3.19957354019399e-118 2.0941307279866545e-40 8.162454692201414e-9
196.29309086426161 0.44999999022410214 1.1306293881446544e-16 8.914352949797661e-21 7.491467669064774e-38 6.615711273554697e-112 1.8648365827440757e-95 6.4441456369413354e-114 1.1308076752036508e-16 0.5500000097759054 2.5464645897178166e-117 4.538541809231624e-40 9.775903057651605e-9
197.0930908642616 0.44999998830746907 1.458514810669383e-16 1.3325274826359767e-20 1.470349583313546e-37 3.974666942525201e-111 8.007431566352553e-95 4.493645940482258e-113 1.4587813161659104e-16 0.5500000116925381 1.993654083264966e-116 9.777525368053562e-40 1.169253625205169e-8
197.89309086426158 0.4499999860336492 1.8777200136645712e-16 1.9856280158976404e-20 2.8706632600661795e-37 2.3540101277039197e-110 3.392738766528789e-94 3.085548787205572e-112 1.87811713926775e-16 0.5500000139663579 1.535683801626573e-115 2.0939812885128282e-39 1.3966356162746508e-8
198.6930908642616 0.44999998333955427 2.412628949793635e-16 2.9496546978177946e-20 5.5754398944057996e-37 1.3745429641506078e-109 1.4188085121480185e-93 2.0865627572969016e-111 2.413218880733199e-16 0.5500000166604525 1.1640298106090166e-114 4.4583953509669837e-39 1.666045107615897e-8
199.4930908642616 0.449999980151571 3.093855683235895e-16 4.3682950629171104e-20 1.0773035817475922e-36 7.914196707908028e-109 5.85764740631505e-93 1.3898196728075017e-110 3.0947293422484786e-16 0.5500000198484357 8.683689998117581e-114 9.437925255111645e-39 1.984843426904711e-8
