Temp Th_NH3 Th_NH2 Th_NH Th_N Th_NN Th_NNH Th_N2 Th_H Th P_N2 P_H2 P_NH3
100.0 0.25 0.0 0.0 0.0 0.0 0.0 0.0 0.0 0.75 0.0 0.0 0.0
100.0001 0.25 5.351078144884431e-47 5.687499723295524e-68 9.856051047043113e-120 2.7877130929e-313 3.4796963715826736e-266 2.434235942174e-311 5.351078144884431e-47 0.75 -0.0 1.817619682998606e-133 1.350890772894121e-32
100.00034379193592 0.25 1.8399185801119755e-46 6.72352474143904e-67 4.00644384963766e-118 4.6403332168963e-310 5.7505059237709484e-263 1.3944347143672151e-307 1.8399185801119755e-46 0.75 0.0 7.38887052599003e-132 4.6447091220337146e-32
100.0011104756341 0.25000000000000006 5.945738096095149e-46 7.019217012274457e-66 1.3518571662878532e-116 5.300579837327161e-307 6.549597016198314e-260 5.1445483653364584e-304 5.945738096095149e-46 0.7500000000000001 -0.0 2.4934997527535673e-130 1.5007413488885576e-31
100.00790745116475 0.2500000000000001 4.250624536496912e-45 3.578442772231745e-64 4.93434589371158e-114 7.150993748545133e-302 8.75539996757954e-255 4.924460523507205e-298 4.250624536496912e-45 0.7500000000000001 7.05498e-318 9.112485913089515e-128 1.0715727448802071e-30
100.06952506253745 0.2500000000000001 3.874731229549465e-44 2.9062084059445687e-62 3.702621351068744e-111 4.4804625427249544e-296 5.083497951819348e-249 2.6235351905453776e-291 3.874731229549465e-44 0.7500000000000001 3.30536242548633e-310 6.915045420311657e-125 9.659258964115318e-30
100.86952506253745 0.2500000000000001 8.021912769838743e-43 9.010372855054435e-60 2.82370508144342e-107 1.0327262958604584e-287 4.4866230443625045e-241 5.233469419835226e-282 8.021912769838743e-43 0.7500000000000001 8.488330822281143e-300 6.296404132311181e-121 1.6968805593830105e-28
101.66952506253745 0.2500000000000001 2.7066920982141425e-42 7.13425651820206e-59 8.872692808972402e-106 3.9340259239099726e-284 6.796308096992936e-238 2.8812242050699125e-278 2.7066920982141425e-42 0.7500000000000001 1.005524119243916e-295 2.488572256768096e-119 4.7093858913146195e-28
102.46952506253746 0.2500000000000001 7.389962775096428e-42 3.610302763545874e-58 1.424429457890405e-104 3.836928584830247e-281 2.7027037209329175e-235 3.349131891175672e-275 7.389962775096431e-42 0.7500000000000001 2.023330456967629e-292 5.2192046833208775e-118 1.0326376567081718e-27
103.26952506253745 0.2500000000000001 1.874599504136755e-41 1.5589412664068275e-57 1.7944894185093545e-103 2.2580992224116784e-278 6.607278336169171e-233 2.206813749661713e-272 1.874599504136757e-41 0.7500000000000001 2.1468173097333725e-289 8.785738079292287e-117 2.070216470726126e-27
104.06952506253745 0.2500000000000001 4.590750731956958e-41 6.253952027559977e-57 2.0130374204042267e-102 1.032851153556155e-275 1.2750355978438366e-230 1.1021736937572041e-269 4.590750731956963e-41 0.7500000000000001 1.671999034213116e-286 1.3311885006035805e-115 3.9694239299747104e-27
104.86952506253745 0.2500000000000001 1.100089289915751e-40 2.40611981666977e-56 2.1090787737455676e-101 4.040979524285079e-273 2.1341385061297974e-228 4.656836251651567e-267 1.1000892899157525e-40 0.7500000000000001 1.0830406697583735e-283 1.8901208753134885e-114 7.414884160816681e-27
105.66952506253745 0.2500000000000001 2.593227641528337e-40 8.994155166629913e-56 2.105104606425937e-100 1.4076573161892062e-270 3.2221604414912116e-226 1.742701216435618e-264 2.5932276415283397e-40 0.7500000000000001 6.147621829333374e-281 2.5550042161248395e-113 1.361118511992862e-26
106.46952506253746 0.2500000000000001 6.027062677930566e-40 3.284891302553358e-55 2.01921515985879e-99 4.444574652751058e-268 4.464986502502097e-224 5.895149595919296e-262 6.027062677930576e-40 0.7500000000000001 3.129585624801616e-278 3.3104068841991793e-112 2.4659918753404038e-26
107.26952506253745 0.2500000000000001 1.3825907534708232e-39 1.1752317638831899e-54 1.8689733192769427e-98 1.283023697451809e-265 5.725593830807707e-222 1.8202383757191933e-259 1.3825907534708261e-39 0.7500000000000001 1.4446487607060156e-275 4.124417169263048e-111 4.4197421470595814e-26
108.06952506253745 0.2500000000000001 3.132330329265679e-39 4.1242460809342315e-54 1.6729036234225944e-97 3.4021862102732034e-263 6.8243122188309056e-220 5.1567877493295275e-257 3.1323303292656885e-39 0.7500000000000001 6.082193528837836e-273 4.950170726712721e-110 7.846485268840956e-26
108.86952506253745 0.2500000000000001 7.011386638943204e-39 1.4207859061358846e-53 1.4499678836385917e-96 8.312206591085819e-261 7.581058413548258e-218 1.3447994465990212e-254 7.011386638943237e-39 0.7500000000000001 2.3438862010526406e-270 5.730344672764322e-109 1.3808967278692667e-25
109.66952506253745 0.2500000000000001 1.551105778741419e-38 4.8075023936983795e-53 1.2180877770421387e-95 1.875434807806044e-258 7.865264543302513e-216 3.235936414340004e-252 1.55110577874143e-38 0.7500000000000001 8.289329602806141e-268 6.4041005741523394e-108 2.4102880325287023e-25
110.46952506253746 0.2500000000000001 3.3923528578255043e-38 1.598510186155332e-52 9.92594492551795e-95 3.915229589627509e-256 7.633864455541924e-214 7.1989938290448e-250 3.3923528578255367e-38 0.7500000000000001 2.696131012931716e-265 6.915337725990106e-107 4.173946486738916e-25
111.26952506253745 0.2500000000000001 7.33659244212221e-38 5.225073340538037e-52 7.851319261558907e-94 7.576138317749292e-254 6.942019786461235e-212 1.4833797567968967e-247 7.336592442122317e-38 0.7500000000000001 8.080462176766734e-263 7.220708160933983e-106 7.173106694566459e-25
112.06952506253745 0.2500000000000001 1.5693778442599214e-37 1.6796328727967363e-51 6.032194583468465e-93 1.3611163817970001e-251 5.9232368394771364e-210 2.835778673907577e-245 1.5693778442599558e-37 0.7500000000000001 2.2355564045872255e-260 7.295812599071794e-105 1.2236068494640035e-24
112.86952506253745 0.2500000000000001 3.3212554143512948e-37 5.311748364575723e-51 4.5044462053598554e-92 2.2739992789357466e-249 4.748521857594265e-208 5.037675956841089e-243 3.3212554143514025e-37 0.7500000000000001 5.719188803979875e-258 7.138371861197347e-104 2.072193353837873e-24
113.66952506253746 0.2500000000000001 6.95532154796145e-37 1.6531496615772727e-50 3.2711649495160204e-91 3.538345862584494e-247 3.581435464573189e-206 8.329132794248776e-241 6.955321547961782e-37 0.7500000000000001 1.3551923312226244e-255 6.767845891646105e-103 3.484532154026322e-24
114.46952506253746 0.2500000000000001 1.4416767962405395e-36 5.065053065107491e-50 2.311595334627898e-90 5.1353704095525534e-245 2.5445471728714282e-204 1.2836117594886734e-238 1.4416767962406416e-36 0.7500000000000001 2.979070694147593e-253 6.221754790567309e-102 5.819043424400294e-24
115.26952506253745 0.2500000000000001 2.958333964872523e-36 1.5282494996988184e-49 1.5904330587775428e-89 6.961977951767366e-243 1.7051306662358694e-202 1.8465688840710177e-236 2.958333964872832e-36 0.7500000000000001 6.084841769427177e-251 5.5496247613672825e-101 9.651953687900798e-24
116.06952506253745 0.2500000000000001 6.010980566749333e-36 4.542346270162437e-49 1.0659875498950757e-88 8.828624760921023e-241 1.07900255431435e-200 2.4831957517260232e-234 6.010980566750243e-36 0.7500000000000001 1.1565449408551183e-248 4.805870491139083e-100 1.590363051428053e-23
116.86952506253746 0.2500000000000001 1.2096229924472689e-35 1.330379054643038e-48 6.963929081813779e-88 1.0486880829110208e-238 6.45526835049765e-199 3.125853938730469e-232 1.2096229924475356e-35 0.7500000000000001 2.0486061093112563e-246 4.042967310832387e-99 2.603475278611502e-23
117.66952506253746 0.2500000000000001 2.4112746988192043e-35 3.840692784929281e-48 4.436576655173184e-87 1.1683409348299797e-236 3.6553470160785273e-197 3.688255616330864e-230 2.411274698819972e-35 0.7500000000000001 3.386551740813958e-244 3.306001141971252e-98 4.234904269938994e-23
118.46952506253746 0.2500000000000001 4.7623175171902606e-35 1.0932237704287141e-47 2.757737649685721e-86 1.2224310456671598e-234 1.961315564480874e-195 4.084459016778639e-228 4.7623175171924474e-35 0.7500000000000001 5.231955997919702e-242 2.6292287900788545e-97 6.845762407002854e-23
119.26952506253745 0.2500000000000001 9.320642251602964e-35 3.0689995082499285e-47 1.67333613593115e-85 1.2026995388775457e-232 9.982516313153297e-194 4.250702203560191e-226 9.3206422516091e-35 0.7500000000000001 7.564238414789449e-240 2.0347813199431564e-96 1.0998708463626928e-22
120.06952506253745 0.2500000000000001 1.8080392027232172e-34 8.499482575691447e-47 9.916239260085808e-85 1.114037601072961e-230 4.824617940541952e-192 4.162326706435875e-224 1.8080392027249166e-34 0.7500000000000001 1.0247858375357727e-237 1.5332255519833814e-95 1.756528851746859e-22
120.86952506253746 0.2500000000000001 3.476810010231339e-34 2.322804042707865e-46 5.741787975268702e-84 9.726808470715825e-229 2.2164643729845326e-190 3.8395785973784116e-222 3.4768100102359834e-34 0.7500000000000001 1.3026409411535303e-235 1.1254392583843162e-94 2.788773852482748e-22
121.66952506253746 0.2500000000000001 6.628874218335339e-34 6.265713293658888e-46 3.2499831977115445e-83 8.014436158775839e-227 9.688720393299938e-189 3.340501900917331e-220 6.6288742183478666e-34 0.7500000000000001 1.5555442033093476e-233 8.05171781281263e-94 4.402152319758461e-22
122.46952506253746 0.2500000000000001 1.2533054976239119e-33 1.6686944115752847e-45 1.7990416031506996e-82 6.238767667517876e-225 4.033681029238986e-187 2.7442030333330483e-218 1.2533054976272487e-33 0.7500000000000001 1.747166171155851e-231 5.617233449465777e-93 6.909691335398205e-22
123.26952506253747 0.2500000000000001 2.3501913361634205e-33 4.3887321824725876e-45 9.743494905799029e-82 4.5933156746192146e-223 1.6009465846035945e-185 2.1309824448631517e-216 2.350191336172197e-33 0.7500000000000001 1.8479695975006827e-229 3.823272039469998e-92 1.0785514278542816e-21
124.06952506253747 0.2500000000000001 4.3716717835050444e-33 1.1401504973588177e-44 5.165166233380684e-81 3.202001372904371e-221 6.063067683481921e-184 1.5659322181265953e-214 4.3716717835278436e-33 0.7500000000000001 1.8427460632837722e-227 2.5399937937950835e-91 1.674392671075722e-21
124.86952506253746 0.2500000000000001 8.067836823748557e-33 2.9264984336526e-44 2.6811905795585467e-80 2.1156248205208794e-219 2.192997655559547e-182 1.0900685793407089e-212 8.067836823807086e-33 0.7500000000000001 1.7343419356209258e-225 1.6478417731061428e-90 2.5855472219561675e-21
125.66952506253746 0.2500000000000001 1.4773975142146595e-32 7.423299944682029e-44 1.3633841697360772e-79 1.3262345904317733e-217 7.582179781676777e-181 7.19563518612436e-211 1.477397514229505e-32 0.7500000000000001 1.5423346935636038e-223 1.0444300032519791e-89 3.971638153202089e-21
126.46952506253746 0.2500000000000001 2.684924890973341e-32 1.861252919006831e-43 6.793990832111488e-79 7.895835067516217e-216 2.508017339183124e-179 4.508730861955818e-209 2.684924891010564e-32 0.7500000000000001 1.2973623801859018e-221 6.470156719485491e-89 6.069475551965529e-21
127.26952506253747 0.2500000000000001 4.8431024257150683e-32 4.613898994198446e-43 3.3190404340428044e-78 4.468815672967834e-214 7.94344019768778e-178 2.6843172017074197e-207 4.843102425807345e-32 0.7500000000000001 1.033320903860653e-219 3.9192933215421935e-88 9.228649509140948e-21
128.06952506253748 0.2500000000000001 8.672265551968034e-32 1.1310384313335043e-42 1.590162960485379e-77 2.406653794904304e-212 2.4109069679021307e-176 1.5199230931267621e-205 8.672265552194244e-32 0.7500000000000001 7.800843714324398e-218 2.3224132008895035e-87 1.3962745287172435e-20
128.86952506253746 0.2500000000000001 1.5417645117313057e-31 2.7423521605146632e-42 7.474271606812415e-77 1.2344161336976888e-210 7.017612147939091e-175 8.192591629830734e-204 1.5417645117861543e-31 0.7500000000000001 5.5874117138962625e-216 1.346749241574676e-86 2.1022693229558962e-20
129.66952506253747 0.2500000000000001 2.72168456283356e-31 6.577993647014164e-42 3.447839688008886e-76 6.035683870038224e-209 1.9605154255377753e-173 4.207524360039277e-202 2.7216845629651217e-31 0.7500000000000001 3.800687928407109e-214 7.645782418631458e-86 3.1501338383840527e-20
130.46952506253746 0.2500000000000001 4.771424935504697e-31 1.5612543875191348e-41 1.5614398454625072e-75 2.8157162907764252e-207 5.260776653144482e-172 2.0607328779356963e-200 4.771424935816955e-31 0.7500000000000001 2.457568532409284e-212 4.2512171357904983e-85 4.698184725559851e-20
131.26952506253747 0.2500000000000001 8.308141516430767e-31 3.6673084759839495e-41 6.944626443137685e-75 1.2543540740692493e-205 1.3568971194387506e-170 9.633436606332696e-199 8.308141517164242e-31 0.7500000000000001 1.5119605291009548e-210 2.315927312733414e-84 6.974739901817758e-20
132.06952506253748 0.2500000000000001 1.4370065704050216e-30 8.527000600317614e-41 3.0343095329021017e-74 5.340508237551517e-204 3.3664524269340453e-169 4.3020055602472976e-197 1.4370065705755629e-30 0.7500000000000001 8.858425071018153e-209 1.2365651755464367e-83 1.030761845526303e-19
132.86952506253746 0.2500000000000001 2.4692496897009834e-30 1.962907346822393e-40 1.3028569868065051e-73 2.174852809758101e-202 8.03951999310767e-168 1.8367404223018823e-195 2.4692496900935667e-30 0.7500000000000001 4.9469135914875086e-207 6.473600176015784e-83 1.5165465307811042e-19
133.66952506253745 0.2500000000000001 4.215738894489779e-30 4.474408568533262e-40 5.4991389177359895e-73 8.47826879919107e-201 1.8493374015328726e-166 7.503434310777405e-194 4.21573889538466e-30 0.7500000000000001 2.635392481700987e-205 3.3240236527853805e-82 2.2215398660805926e-19
134.46952506253746 0.2500000000000001 7.152118289553041e-30 1.010135508146175e-39 2.282368232871194e-72 3.1662960670130423e-199 4.1003399319816595e-165 2.9352695749410802e-192 7.152118291573313e-30 0.7500000000000001 1.3404544676857947e-203 1.6746370281648465e-81 3.2403097676753853e-19
135.26952506253747 0.2500000000000001 1.2058592739772822e-29 2.2589459628086333e-39 9.31748497399401e-72 1.1336837777852938e-197 8.768467546097709e-164 1.1003823265584164e-190 1.2058592744290715e-29 0.7500000000000001 6.514913967383112e-202 8.280586465106501e-81 4.706361743474817e-19
136.06952506253745 0.2500000000000001 2.02072422252336e-29 5.004798047593756e-39 3.742480235582828e-71 3.894482302225702e-196 1.8096870655861463e-162 3.9561361948416316e-189 2.0207242235243183e-29 0.7500000000000001 3.028035275072768e-200 4.020012365955332e-80 6.807411365809419e-19
136.86952506253743 0.2500000000000001 3.365986455421235e-29 1.0987335970929373e-38 1.479418641168522e-70 1.2845137368573639e-194 3.606854284883489e-161 1.3650470583253879e-187 3.365986457618698e-29 0.7500000000000001 1.3469346312333416e-198 1.9167184509105958e-79 9.806350931896368e-19
137.66952506253745 0.2500000000000001 5.5738838879085e-29 2.3905199168803226e-38 5.757228879327629e-70 4.070666594647463e-193 6.94643823852304e-160 4.523578987922891e-186 5.573883892689538e-29 0.7500000000000001 5.738459862104477e-197 8.978203480171084e-79 1.4069923442467693e-18
138.46952506253746 0.2500000000000001 9.176731007784608e-29 5.155298738632411e-38 2.2061958081904003e-69 1.2403080196928443e-191 1.2934846869747718e-158 1.4407119940287091e-184 9.176731018095205e-29 0.7500000000000001 2.343309846079233e-195 4.1328836108204946e-78 2.0107790011637967e-18
139.26952506253744 0.2500000000000001 1.5022627367875873e-28 1.1021549744910994e-37 8.327169267820817e-69 3.635996189032523e-190 2.330113661712311e-157 4.412939272546433e-183 1.5022627389918968e-28 0.7500000000000001 9.178348595510953e-194 1.8701606350235645e-77 2.8625561835027538e-18
140.06952506253742 0.2500000000000001 2.4455350316932796e-28 2.3362709061821605e-37 3.096602954586482e-68 1.0262025181389758e-188 4.063077114781266e-156 1.3008377568125786e-181 2.4455350363658208e-28 0.7500000000000001 3.4507031072142404e-192 8.32133687269644e-77 4.059652760412084e-18
140.86952506253743 0.2500000000000001 3.9592535505007624e-28 4.910868838417808e-37 1.1347963421499426e-67 2.7902170014158756e-187 6.861752449193209e-155 3.692706572001999e-180 3.9592535603225006e-28 0.7500000000000001 1.2461193681910158e-190 3.6418272684475833e-76 5.735832181315426e-18
141.66952506253745 0.2500000000000001 6.375357970410311e-28 1.0237868401688375e-36 4.099223676142439e-67 7.313264713181191e-186 1.1229269856977935e-153 1.010110005051272e-178 6.37535799088605e-28 0.7500000000000001 4.3252849327579394e-189 1.568116918686411e-75 8.07427505973501e-18
142.46952506253743 0.2500000000000001 1.0211444091740013e-27 2.1170783069473077e-36 1.459960845611616e-66 1.848928228703298e-184 1.7816963752725287e-152 2.664184537134591e-177 1.021144413408158e-27 0.7500000000000001 1.4439769620808326e-187 6.644900833115692e-75 1.1324954869823261e-17
143.2695250625374 0.2500000000000001 1.6270454924296997e-27 4.343094030040538e-36 5.12789343866184e-66 4.511545548986909e-183 2.7422413948428592e-151 6.779462085472302e-176 1.627045501115887e-27 0.7500000000000001 4.639565574750237e-186 2.7718199473912706e-74 1.5827814708666745e-17
144.06952506253742 0.2500000000000001 2.5791697703636625e-27 8.840033905205382e-36 1.7766218052646166e-65 1.063120454558126e-181 4.0962514786104363e-150 1.6654023734796097e-174 2.579169788043729e-27 0.7500000000000001 1.4356239926172407e-184 1.1384681988245446e-73 2.2043579133079292e-17
144.86952506253743 0.2500000000000001 4.067848701750413e-27 1.7854891272910636e-35 6.073052258169134e-65 2.420700780460319e-180 5.941427283243427e-149 3.9517381844095515e-173 4.067848737460195e-27 0.7500000000000001 4.28074358707768e-183 4.6053921050512e-73 3.0594582427654585e-17
145.66952506253742 0.2500000000000001 6.3839635283337054e-27 3.5790192215600853e-35 2.0486641137096142e-64 5.328996759843652e-179 8.371972857141899e-148 9.062514173711399e-172 6.383963599914089e-27 0.7500000000000001 1.230766694775308e-181 1.835313119128982e-72 4.231869564719813e-17
146.4695250625374 0.2500000000000001 9.969929233081107e-27 7.120789655813941e-35 6.821498809194829e-64 1.134839360191315e-177 1.1465756666781618e-146 2.0097494796543584e-170 9.969929375496896e-27 0.7500000000000001 3.4140308866805336e-180 7.207045317927721e-72 5.834032978540159e-17
147.2695250625374 0.2500000000000001 1.5495457007627517e-26 1.4063783996283568e-34 2.2424652821796362e-63 2.339061343866582e-176 1.5269193520099851e-145 4.312248266111229e-169 1.5495457288903203e-26 0.7500000000000001 9.142099742022353e-179 2.7894029495511377e-71 8.016363172455717e-17
148.06952506253742 0.2500000000000001 2.3969620345088826e-26 2.757640108316777e-34 7.279442422684198e-63 4.6686979861689454e-175 1.9781727105708058e-144 8.957050512335508e-168 2.3969620896616862e-26 0.7500000000000001 2.3645987546761847e-177 1.0643227490172132e-70 1.0979443561799457e-16
148.8695250625374 0.2500000000000001 3.690587144463177e-26 5.368892614143444e-34 2.3339128969247836e-62 9.02860500732352e-174 2.4942448788176003e-143 1.8019868158758628e-166 3.690587251841024e-26 0.7500000000000001 5.9107538191923254e-176 4.0044467455824485e-70 1.498993622815775e-16
149.2695250625374 0.2500000000000001 4.5715591723207875e-26 7.471634614356803e-34 4.159921064585124e-62 3.9241655827997176e-173 8.768377015247173e-143 7.987436114236129e-166 4.571559321753473e-26 0.7500000000000001 2.9181539204918066e-175 7.727208175438187e-70 1.7494336315334116e-16
149.6695250625374 0.2500000000000001 5.656394644663779e-26 1.03798927652463e-33 7.392155745846673e-62 1.6925028267826442e-172 3.0621547196022975e-142 3.513015576565908e-165 5.656394852261628e-26 0.7500000000000001 1.4287186230354971e-174 1.4859892152410458e-69 2.0401276835033393e-16
150.0695250625374 0.2500000000000001 6.990777444640637e-26 1.4395356998111614e-33 1.3096436457759807e-61 7.244151737718638e-172 1.0623926076017109e-141 1.533183708357221e-164 6.99077773254777e-26 0.7500000000000001 6.937368682970145e-174 2.8479571105739234e-69 2.3772893680910843e-16
150.4695250625374 0.2500000000000001 8.630293514732589e-26 1.993013672887436e-33 2.3133509085610714e-61 3.077146092282426e-171 3.661975075414953e-141 6.6401187694314235e-164 8.630293913335318e-26 0.7500000000000001 3.341039005414677e-173 5.439858946348852e-69 2.768051527310924e-16
150.8695250625374 0.2500000000000001 1.0642504191163902e-25 2.754623536111332e-33 4.074238564568395e-61 1.2972904437627772e-170 1.2541240508702622e-140 2.85398210641006e-163 1.0642504742088608e-25 0.7500000000000001 1.596008060711347e-172 1.0355946121384025e-68 3.220596304711937e-16
151.2695250625374 0.2500000000000001 1.3109438311576204e-25 3.800880157497684e-33 7.154480004594129e-61 5.428510214386574e-170 4.267588284475628e-140 1.2174367874856907e-162 1.310943907175223e-25 0.7500000000000001 7.56280890833321e-172 1.964949063437459e-68 3.7443027428379437e-16
151.4695250625374 0.2500000000000001 1.454374126486598e-25 4.4619342520423704e-33 9.470426106609023e-61 1.1073651431345907e-169 7.853562595343336e-140 2.507390398041866e-162 1.4543742157252829e-25 0.7500000000000001 1.641350376107967e-171 2.7033069102680015e-68 4.0361405622614275e-16
151.6695250625374 0.2500000000000001 1.6130584560916697e-25 5.235784876241687e-33 1.252697987820564e-60 2.2547666006029034e-169 1.4429900482020331e-139 5.154506629848206e-162 1.6130585608073678e-25 0.7500000000000001 3.555112208511444e-171 3.71606655838642e-68 4.349914181200649e-16
151.8695250625374 0.2500000000000001 1.7885720897023763e-25 6.141306446260669e-33 1.6558076655899816e-60 4.582617611704879e-169 2.647128933613186e-139 1.0576574312169557e-161 1.7885722125285056e-25 0.7500000000000001 7.684977586006182e-171 5.1040753775849e-68 4.687210806499104e-16
152.06952506253742 0.2500000000000001 1.9826480756859593e-25 7.20046917731206e-33 2.1870629071702156e-60 9.2967268620631e-169 4.848469580604387e-139 2.1662016681940705e-161 1.9826482196953436e-25 0.7500000000000001 1.657954349431273e-170 7.004828838497199e-68 5.049727980583361e-16
152.2695250625374 0.2500000000000001 2.197192548820916e-25 8.438836573379912e-33 2.88670071575076e-60 1.8825827105183343e-168 8.866551714340064e-139 4.428450864522529e-161 2.1971927175976487e-25 0.7500000000000001 3.569822036082852e-170 9.605637849621336e-68 5.439280933738991e-16
152.4695250625374 0.2500000000000001 2.434301474673451e-25 9.886141203177038e-33 3.80743553547557e-60 3.80529827234247e-168 1.618929679490446e-138 9.036640147538962e-161 2.434301672396277e-25 0.7500000000000001 7.67128186312312e-170 1.3161472937644771e-67 5.85781040480956e-16
152.66952506253742 0.2500000000000001 2.6962789607874564e-25 1.157695081936632e-32 5.018279901444923e-60 7.6778048785433675e-168 2.9513928660356377e-138 1.84063414450734e-160 2.6962791923264756e-25 0.7500000000000001 1.6452807397753292e-169 1.801912723392824e-67 6.307390958768962e-16
152.86952506253743 0.2500000000000001 2.9856572762767534e-25 1.3551438694414294e-32 6.609520117808448e-60 1.5463301924671826e-167 5.3722287885395564e-138 3.7422809228196926e-160 2.98565754730553e-25 0.7500000000000001 3.521811376197221e-169 2.4649909967884944e-67 6.790239831258619e-16
153.06952506253742 0.2500000000000001 3.305218733743909e-25 1.5856274130262936e-32 8.699191647641216e-60 3.1087604005004417e-167 9.763668705879919e-138 7.594808105825377e-160 3.3052190508693937e-25 0.7500000000000001 7.524011709769904e-169 3.369384726425918e-67 7.308726331912588e-16
153.16952506253742 0.2500000000000001 3.4772618246483543e-25 1.714918266495318e-32 9.97743659417085e-60 4.4049149236455155e-167 1.3155042762267348e-137 1.0812155648532278e-159 3.4772621676320086e-25 0.7500000000000001 1.0989455041182758e-168 3.9381185521623226e-67 7.582118131971832e-16
153.96952506253743 0.24999999999999983 5.206090393897231e-25 3.199032958027944e-32 2.9690213667642972e-59 7.043751655636381e-166 1.4091881191084407e-136 1.7949657998557482e-158 5.206091033703825e-25 0.7499999999999999 2.237055712166344e-167 1.3617879345028677e-66 1.015498990223338e-15
154.0195250625374 0.24999999999999994 5.33834115719239e-25 3.3254504279945235e-32 3.1772619963615755e-59 8.368147115739918e-166 1.633001195216873e-136 2.1374818113617046e-158 5.338341822282475e-25 0.7500000000000001 2.6979399184311505e-167 1.4709733294075275e-66 1.0341150934751966e-15
154.06881537443488 0.25 5.471916198670065e-25 3.4548789759776796e-32 3.3966950791072654e-59 9.916398451135755e-166 1.888232140106178e-136 2.538779855646316e-158 5.47191688964586e-25 0.7500000000000001 3.2447574390151542e-167 1.58709882886453e-66 1.0527895441385489e-15
154.5156540115966 0.25 6.841159424776131e-25 4.87849079723383e-32 6.210977879965778e-59 4.598304328487826e-165 7.014507349997312e-136 1.2019647943371004e-157 6.841160400474289e-25 0.7500000000000001 1.7198624768582488e-166 3.153703968165186e-66 1.2376321550957373e-15
155.31565401159662 0.2499999999999997 1.0171682653501247e-24 9.004523603843052e-32 1.8143880855304697e-58 7.014694166378792e-164 7.216680958650977e-135 1.9026710073351546e-156 1.017168445440597e-24 0.750000000000001 3.3273745575677644e-165 1.0679773453397208e-65 1.6497350800751589e-15
156.1156540115966 0.24999999999999925 1.5062711795521647e-24 1.6518030769359904e-31 5.243596663160722e-58 1.0411418654847208e-162 7.252190809533447e-134 2.929543673465471e-155 1.5062715099127804e-24 0.7500000000000018 6.249626424032466e-164 3.572871840929388e-65 2.19297380756892e-15
156.91565401159662 0.24999999999999856 2.2217110635056775e-24 3.011749421725739e-31 1.499436996733534e-57 1.5041349953813806e-161 7.121121284091164e-133 4.3892026897349326e-154 2.2217116658555615e-24 0.7500000000000024 1.140090994464303e-162 1.1810472482774838e-64 2.907148337310486e-15
157.7156540115966 0.24999999999999778 3.2641662234923137e-24 5.458613770785362e-31 4.243229690409008e-57 2.1160057621804877e-160 6.834823090748253e-132 6.40176797877081e-153 3.264167315215068e-24 0.7500000000000034 2.020920366753878e-161 3.858247397511374e-64 3.843554085726561e-15
158.5156540115966 0.24999999999999653 4.777304627576444e-24 9.835308583804633e-31 1.188508685709167e-56 2.899838585599779e-159 6.41438566395639e-131 9.09323400949767e-152 4.7773065946381625e-24 0.750000000000005 3.482333675991688e-160 1.2458414869981377e-63 5.068133589589013e-15
159.3156540115966 0.24999999999999495 6.965379290489445e-24 1.761870771907001e-30 3.295432642929466e-56 3.8728269386436616e-158 5.8881370950162985e-130 1.2583832752658838e-150 6.965382814230988e-24 0.7500000000000063 5.835614029564593e-159 3.977048026430036e-63 6.665446069721737e-15
160.1156540115966 0.24999999999999292 1.0117715326501879e-23 3.13818200016527e-30 9.046742107742005e-56 5.0425079092735664e-157 5.2885796839343566e-129 1.69727494397584e-149 1.0117721602865878e-23 0.7500000000000082 9.514316081719757e-158 1.2553306241303651e-62 8.743655049783064e-15
160.9156540115966 0.24999999999999037 1.4642666988428527e-23 5.5582368913801304e-30 2.459267705124016e-55 6.403139280690182e-156 4.64920693720551e-128 2.2320369143359902e-148 1.4642678104902302e-23 0.7500000000000111 1.5098010097864006e-156 3.918565428464367e-62 1.1440780264925953e-14
161.7156540115966 0.2499999999999869 2.1114542454222314e-23 9.790095624946266e-30 6.620885813206711e-55 7.932819520627553e-155 4.001612227042758e-127 2.863007033085308e-147 2.111456203441355e-23 0.7500000000000148 2.3328444228093933e-155 1.2098702409962281e-61 1.493251603507179e-14
162.51565401159658 0.24999999999998246 3.0338225347611176e-23 1.714996226760194e-29 1.76556909859899e-54 9.591967843012157e-154 3.373201839156588e-126 3.5832252135137807e-146 3.0338259647535693e-23 0.7500000000000192 3.511116107085956e-154 3.6954117061629894e-61 1.9441986096607932e-14
163.3156540115966 0.2499999999999768 4.343786524306486e-23 2.988136713032178e-29 4.6641456278445935e-54 1.132367892386781e-152 2.7856921292154053e-125 4.377358558269314e-145 4.34379250057991e-23 0.750000000000025 5.149488226815257e-153 1.1167796262889114e-60 2.5251886928587683e-14
164.11565401159658 0.2499999999999693 6.197819543861373e-23 5.178844226938673e-29 1.2207802746652614e-53 1.3056243752933255e-151 2.2544315067228862e-124 5.221425865055613e-144 6.197829901549824e-23 0.7500000000000326 7.362160846351373e-152 3.3397941479989196e-60 3.2719570645652756e-14
164.9156540115966 0.2499999999999598 8.812993500857773e-23 8.928812337582154e-29 3.16620503080041e-53 1.4707812143221854e-150 1.788468401720515e-123 6.083517843987151e-143 8.813011358482445e-23 0.7500000000000422 1.0264283281134047e-150 9.885192636183714e-60 4.229573782815133e-14
165.7156540115966 0.24999999999994774 1.2489456375515612e-22 1.5314955301968779e-28 8.13829987157446e-53 1.6192817315773592e-149 1.391202966975363e-122 6.925576783550397e-142 1.2489487005426224e-22 0.7500000000000545 1.396017055916026e-149 2.8961976017303318e-59 5.454755406766441e-14
166.51565401159658 0.24999999999993208 1.7640880758993263e-22 2.6135515158387515e-28 2.0733726483589307e-52 1.7429458072848475e-148 1.061419383418411e-121 7.706134891307034e-141 1.7640933030023586e-22 0.7500000000000699 1.852871319747217e-148 8.400633166788653e-59 7.018717604350523e-14
167.31565401159656 0.24999999999991226 2.483558043964303e-22 4.437835276038554e-28 5.236304580715018e-52 1.8347308536054494e-147 7.944942934457153e-121 8.383744189386009e-140 2.4835669196348555e-22 0.7500000000000902 2.4007281226238735e-147 2.4126737112997882e-58 9.010687891283826e-14
168.11565401159658 0.24999999999988698 3.4851860689317803e-22 7.498371677586416e-28 1.3110827048538712e-51 1.8894051194198683e-146 5.836056148661558e-120 8.920696417539301e-139 3.4852010656751368e-22 0.7500000000001157 3.0376083381654946e-146 6.861968073708571e-58 1.1542222289661125e-13
168.9156540115966 0.24999999999985492 4.875230215853492e-22 1.2608073396942757e-27 3.254960392196287e-51 1.9040427323442845e-145 4.208123512117631e-119 9.28655833395332e-138 4.875255432000287e-22 0.7500000000001475 3.7545401025690386e-145 1.9329559973542783e-57 1.4752499042076024e-13
169.71565401159657 0.24999999999981437 6.7983155023342e-22 2.1098239032047176e-27 8.013524079232125e-51 1.878275431197262e-144 2.9792782907744384e-118 9.461053857443407e-137 6.798357698812265e-22 0.7500000000001883 4.534822245483773e-144 5.393577730609701e-57 1.8814797447432794e-13
170.51565401159655 0.24999999999976308 9.45069370820669e-22 3.513893401628214e-27 1.9566557339616057e-50 1.8142723334117548e-143 2.071563959898865e-117 9.435911035710612e-136 9.450763986074731e-22 0.7500000000002397 5.354045447675414e-143 1.490977366913618e-56 2.3944411380357655e-13
171.31565401159656 0.24999999999969846 1.3097881107225992e-21 5.8251147539678554e-27 4.738798041683327e-50 1.7164592800141095e-142 1.4150093795706537e-116 9.215443228221859e-135 1.3097997609521075e-21 0.7500000000003045 6.1810067453355385e-142 4.083764252166008e-56 3.04082962593095e-13
172.11565401159658 0.2499999999996172 1.809805197739941e-21 9.612182757870112e-27 1.1385020937747403e-49 1.5910257635190338e-141 9.497317635535867e-116 8.815821175754732e-134 1.809824422105458e-21 0.7500000000003856 6.979532552763501e-141 1.1084117140216326e-55 3.853680646324491e-13
172.91565401159656 0.24999999999951514 2.4932978093451887e-21 1.5789514192911202e-26 2.7136845542595275e-49 1.4452938228175504e-140 6.265103648799067e-115 8.263180299821338e-133 2.4933293883735752e-21 0.7500000000004877 7.711085309600622e-140 2.9815815594668538e-55 4.873794899568206e-13
173.71565401159654 0.24999999999938743 3.4248833752739955e-21 2.5820925556890398e-26 6.4178852462408504e-49 1.2870357226492789e-139 4.0629758313415345e-114 7.590861776917435e-132 3.42493501712511e-21 0.7500000000006156 8.337894609531053e-139 7.949700049715622e-55 6.151466032922558e-13
174.51565401159655 0.2499999999992278 4.6909863604079715e-21 4.203951632387677e-26 1.5061834977719146e-48 1.12382494489251e-138 2.5908962310620685e-113 6.836181703754444e-131 4.691070439440617e-21 0.7500000000007755 8.826251953886313e-138 2.1011913432404602e-54 7.748570887592851e-13
175.31565401159656 0.2499999999990286 6.4068775921587034e-21 6.814791548417265e-26 3.5080245898186026e-48 9.624901295779947e-138 1.6249681541073884e-112 6.03714854771234e-130 6.407013887989671e-21 0.7500000000009748 9.149560925742633e-137 5.506082026466217e-54 9.741093777178514e-13
176.11565401159655 0.24999999999878067 8.725882606131071e-21 1.0999729868646015e-25 8.10943894462244e-48 8.087183293822555e-137 1.0025964657846092e-111 5.2295081437274754e-129 8.726102600728443e-21 0.7500000000012231 9.29075321247476e-136 1.4306468481528761e-53 1.2222169434173246e-12
176.91565401159653 0.24999999999847236 1.1851395479069e-20 1.7679549551956991e-25 1.8608280602379935e-47 6.668274219012111e-136 6.08680799128204e-111 4.4444030142051194e-128 1.185174907006004e-20 0.7500000000015319 9.24376391310857e-135 3.686247349462339e-53 1.5305744682901267e-12
177.71565401159654 0.24999999999808992 1.6052511996266955e-20 2.8297287212007136e-25 4.2388883483858377e-47 5.397026424815415e-135 3.636880562449986e-110 3.7068114244191725e-127 1.60530779420112e-20 0.7500000000019146 9.013892294296963e-134 9.419925355826604e-53 1.9130976928676888e-12
178.51565401159655 0.24999999999761635 2.168432017970609e-20 4.510525020844488e-25 9.586724906345293e-47 4.28872664385076e-134 2.1391274020270433e-109 3.034805749561001e-126 2.168522228471024e-20 0.7500000000023885 8.617032192916427e-133 2.3876421491302176e-52 2.386750860100325e-12
179.31565401159654 0.24999999999703096 2.9214168829300896e-20 7.160476040018776e-25 2.1527947187426522e-46 3.3468850035950073e-133 1.2388049472949865e-108 2.439560452195424e-125 2.9215600924508897e-20 0.7500000000029742 8.077910961047054e-132 6.0033931900532765e-52 2.9721781218159578e-12
180.11565401159652 0.24999999999630867 3.9255590169318834e-20 1.1321724834428865e-24 4.800536883986903e-46 2.565640552886773e-132 7.065074171047478e-108 1.92596143730675e-124 3.925785451428572e-20 0.7500000000036962 7.427600611510286e-131 1.4975325890016195e-51 3.694458128176918e-12
180.91565401159653 0.24999999999541916 5.2611998624849913e-20 1.783044458497791e-24 1.063094543805425e-45 1.9323935544955613e-131 3.968855326020313e-107 1.4936267542274415e-123 5.2615564713766914e-20 0.7500000000045858 6.700640520823104e-130 3.7064067923521355e-51 4.58400433666799e-12
181.71565401159654 0.2499999999943255 7.033284588400185e-20 2.7971334946106844e-24 2.338235214717785e-45 1.4303438279437198e-130 2.196515192165708e-106 1.1381419598494781e-122 7.033844015099109e-20 0.7500000000056795 5.932129342038491e-129 9.102732322016915e-51 5.677637423026607e-12
182.51565401159652 0.24999999999298333 9.378560931388351e-20 4.37107067736754e-24 5.108311643481811e-45 1.040708245396028e-129 1.1978643970922853e-105 8.523347959487058e-122 9.379435145523823e-20 0.7500000000070216 5.155107733108739e-128 2.2185854735182585e-50 7.019860630556576e-12
183.3156540115965 0.24999999999133876 1.247478589751203e-19 6.80468228786002e-24 1.1086065113394345e-44 7.444886594591616e-129 6.4382551700195624e-105 6.274531056552876e-121 1.2476146833969604e-19 0.7500000000086662 4.3984756365608585e-127 5.366724887430953e-50 8.66437404482058e-12
184.11565401159652 0.2499999999893273 1.6552472751913676e-19 1.0553454847120147e-23 2.390152592870653e-44 5.237486160170246e-128 3.4111191005682106e-104 4.5415670540158555e-120 1.6554583442883104e-19 0.7500000000106779 3.6855864152484314e-126 1.2885866193194889e-49 1.0675869727827753e-11
184.91565401159653 0.24999999998687109 2.1909844531622673e-19 1.6306819091809048e-23 5.119866692782183e-44 3.6242396972898947e-127 1.781859151620693e-103 3.2327941573196017e-119 2.191310589544105e-19 0.7500000000131345 3.0335547759680486e-125 3.0713594846961833e-49 1.3132156502614734e-11
185.7156540115965 0.24999999998387654 2.8931825869187324e-19 2.510454104009928e-23 1.0897139805966754e-43 2.4673573363237915e-126 9.178587074305263e-103 2.263555064988028e-118 2.893684677739537e-19 0.7500000000161289 2.453223117067194e-124 7.26777333414056e-49 1.6126671073232556e-11
186.5156540115965 0.24999999998023176 3.811410928964645e-19 3.8509158994772466e-23 2.3047436896654575e-43 1.6529457616656987e-125 4.663167656926005e-102 1.5593226492017388e-117 3.812181112144543e-19 0.7500000000197736 1.949663412895969e-123 1.7075209952734895e-48 1.9771441240519567e-11
187.3156540115965 0.24999999997580266 5.00935838860592e-19 5.886056399326425e-23 4.844219062886341e-43 1.0898966379724807e-124 2.3370302828070823e-101 1.0570668973784184e-116 5.010535599885786e-19 0.7500000000242028 1.5230542406203334e-122 3.9834951662870085e-48 2.4200577392688323e-11
188.11565401159652 0.24999999997042877 6.568672368849868e-19 8.965056094948893e-23 1.0119291982214576e-42 7.074559372022884e-124 1.1555793372496143e-100 7.05307711184241e-116 6.570465380068861e-19 0.7500000000295768 1.1697642437856255e-121 9.228584009428566e-48 2.957438039383508e-11
188.9156540115965 0.24999999996391908 8.593791250109619e-19 1.360720836841761e-22 2.1010446838922423e-42 4.521541999864894e-123 5.638453099741968e-100 4.632880144814326e-115 8.596512691783311e-19 0.7500000000360867 8.834888211231036e-121 2.123326238426648e-47 3.60841676675114e-11
189.71565401159648 0.24999999995604527 1.1218014634560817e-18 2.0582180144017796e-22 4.336229666288946e-42 2.8459750066529723e-122 2.715290414771982e-99 2.99643519964534e-114 1.1222131070589625e-18 0.7500000000439606 6.563181945042663e-120 4.852292883828301e-47 4.3957934905795547e-11
190.5156540115965 0.2499999999465361 1.4611112169514737e-18 3.1026913818855937e-22 8.896384373006899e-42 1.7644759319912462e-121 1.2907399009805742e-98 1.9086389072467876e-113 1.4617317552278513e-18 0.7500000000534697 4.7965378415814796e-119 1.1014456392657906e-46 5.346698868366423e-11
191.3156540115965 0.24999999993506936 1.8988840863305767e-18 4.6615341078039995e-22 1.814558466330982e-41 1.0777596738048659e-120 6.057536738248358e-98 1.1975397825777275e-112 1.899816393152137e-18 0.7500000000649365 3.449286043821785e-118 2.4837134917507532e-46 6.493370561108803e-11
192.1156540115965 0.24999999992126243 2.4624824821026333e-18 6.980397059052044e-22 3.679729548529094e-41 6.486787221111582e-120 2.80708597803717e-97 7.402599562611032e-112 2.4638785615144433e-18 0.7500000000787433 2.4412082042541952e-117 5.564143587832439e-46 7.874059683195824e-11
192.91565401159647 0.24999999990466207 3.186535326382531e-18 1.041861355941255e-21 7.419576936364548e-41 3.847844720856119e-119 1.2846473323542483e-96 4.509061446027881e-111 3.1886190490944134e-18 0.7500000000953438 1.700746589227588e-116 1.2384802008910458e-45 9.534088303756695e-11
193.71565401159648 0.2499999998847322 4.114777611467142e-18 1.550013654294873e-21 1.4876164178877485e-40 2.2498982185136247e-118 5.8069172751122324e-96 2.706909543062871e-110 4.117877638775732e-18 0.7500000001152738 1.1665867540068202e-115 2.7391051385139525e-45 1.1527081510166103e-10
194.5156540115965 0.2499999998608391 5.3023325544397905e-18 2.298655254895172e-21 2.9660680228511773e-40 1.2970049020552981e-117 2.5930125305204002e-95 1.6018572034887952e-109 5.30692986494958e-18 0.7500000001391673 7.879872121310725e-115 6.019933935320411e-45 1.3916400940783325e-10
195.31565401159648 0.2499999998322351 6.818537163712165e-18 3.398141839821642e-21 5.881374093227359e-40 7.372731793329848e-117 1.1439930203667636e-94 9.345698830138505e-109 6.8253334473918084e-18 0.7500000001677717 5.242357758280071e-114 1.3148377116013226e-44 1.677681054214434e-10
196.11565401159646 0.24999999979803902 8.750433658903092e-18 5.007890358586434e-21 1.1598792392584647e-39 4.133297852002372e-116 4.987274123883658e-94 5.376651194086072e-108 8.760449439620269e-18 0.7500000002019677 3.435728127543961e-113 2.854194348127881e-44 2.0196409660499954e-10
196.91565401159647 0.24999999975721435 1.1207075144074561e-17 7.357491452604374e-21 2.2751562926599907e-39 2.2856963255405596e-115 2.1487423271896046e-93 3.0506820098023997e-107 1.1221790126979769e-17 0.7500000002427921 2.2185719476856303e-112 6.158274139407676e-44 2.427887349952347e-10
197.71565401159648 0.24999999970854267 1.4324825025854e-17 1.0776607152788188e-20 4.439171323394917e-39 1.2469951988198249e-114 9.15051664560144e-93 1.7074132967375705e-106 1.4346378240159573e-17 0.7500000002914642 1.4117813825019365e-111 1.3207824429099559e-43 2.9146046532461907e-10
