Temp Th_NH3 Th_NH2 Th_NH Th_N Th_NN Th_NNH Th_N2 Th_H Th P_N2 P_H2 P_NH3
100.0 0.35 0.0 0.0 0.0 0.0 0.0 0.0 0.0 0.65 0.0 0.0 0.0
100.0001 0.35 6.4926414824597795e-47 5.9807219312520925e-68 8.982293869776367e-120 2.31535029424e-313 3.334708587446683e-266 2.021767921395e-311 6.4926414824597795e-47 0.65 -0.0 2.675859305762047e-133 1.8912470820517698e-32
100.00033458304303 0.3499999999999998 2.1726243734745854e-46 6.696417606191259e-67 3.3655939124805073e-118 3.27426284505215e-310 4.6822789748191985e-263 9.5756298980226e-308 2.1726243734745854e-46 0.6500000000000001 0.0 1.0026651889476889e-131 6.328389319671615e-32
100.00112266863823 0.3499999999999999 7.293425374773813e-46 7.544148352801174e-66 1.2730669704061327e-116 4.700863102494092e-307 6.70202428706027e-260 4.612561841432649e-304 7.293425374773813e-46 0.6500000000000002 -0.0 3.79320803414785e-130 2.124117671629293e-31
100.00744927873517 0.35000000000000003 4.857296408549684e-45 3.338283324685531e-64 3.7568941620624795e-114 4.1420656721262254e-302 5.854959760516737e-255 2.6877854983296547e-298 4.857296408549684e-45 0.6500000000000004 3.62743e-318 1.1206667370582937e-127 1.4130166109606979e-30
100.05951182246946 0.3500000000000001 4.0005810417121393e-44 2.2211976683486397e-62 2.0824351541924098e-111 1.3928931911607692e-296 1.84612953076151e-249 7.019106113332638e-292 4.0005810417121393e-44 0.6500000000000005 7.569230948021e-311 6.2709012512659e-125 1.1528435530513412e-29
100.50606360391087 0.35000000000000014 4.469777114028729e-43 2.328316991200647e-60 2.687646822977578e-108 5.011938576900072e-290 3.864203786288735e-243 1.7213230989580736e-284 4.469777114028729e-43 0.6500000000000006 1.5939627730047844e-302 8.868665936617845e-122 1.1804393178343883e-28
101.30606360391089 0.35000000000000014 1.975154517276325e-42 3.212816808638879e-59 1.9376151512948584e-106 1.018103180967273e-285 3.0740946933998985e-239 6.568749422041917e-280 1.975154517276325e-42 0.6500000000000007 1.69489078315877e-297 7.865433612016713e-120 4.348252245003533e-28
102.10606360391088 0.35000000000000014 5.757459700896708e-42 1.8703738233376712e-58 3.841443460682883e-105 1.528255736781033e-282 1.8623112142162618e-236 1.2463248228246877e-276 5.757459700896708e-42 0.6500000000000008 5.9466582392577496e-294 2.006353504664164e-118 1.0280381370254777e-27
102.90606360391088 0.35000000000000014 1.4987070885068891e-41 8.538413716502795e-58 5.2727281859879636e-104 1.0775425545604847e-279 5.41137987842661e-234 1.0048835435538004e-273 1.4987070885068894e-41 0.6500000000000009 7.916342117482574e-291 3.648538514288649e-117 2.1284626108240678e-27
103.70606360391088 0.35000000000000014 3.719953959908854e-41 3.521106354208301e-57 6.180731883107994e-103 5.430521894933114e-277 1.1428052322068591e-231 5.578811009379245e-271 3.719953959908853e-41 0.650000000000001 6.934917982423208e-288 5.755167087185204e-116 4.151026162229036e-27
104.50606360391087 0.35000000000000014 8.99389393273752e-41 1.377453153896701e-56 6.656100711987802e-102 2.2646953704595896e-274 2.026309297677453e-229 2.5224841713332915e-268 8.993893932737516e-41 0.650000000000001 4.839079407151275e-285 8.392183104510012e-115 7.835091010862762e-27
105.30606360391087 0.35000000000000014 2.135145056682535e-40 5.211678813764375e-56 6.781175494713041e-101 8.290574869663383e-272 3.1963752745898347e-227 9.939462132553087e-266 2.135145056682535e-40 0.650000000000001 2.9048323298114204e-282 1.1586688996227938e-113 1.4486652774391948e-26
106.10606360391088 0.35000000000000014 4.993520097757141e-40 1.9227664415830254e-55 6.618479542351326e-100 2.7332472677086216e-269 4.598865859617551e-225 3.514384452665525e-263 4.993520097757141e-40 0.650000000000001 1.5508649574291125e-279 1.529605868211148e-112 2.6392950525573183e-26
106.90606360391088 0.35000000000000014 1.1522137158607486e-39 6.942328447674082e-55 6.223931103095145e-99 8.211946716092633e-267 6.104417487321722e-223 1.1301369786481285e-260 1.1522137158607502e-39 0.650000000000001 7.477464807766478e-277 1.9393935821710426e-111 4.7526358321703433e-26
107.70606360391088 0.35000000000000014 2.625072211235014e-39 2.4574340910547578e-54 5.6553345198617846e-98 2.2622057969891116e-264 7.518569189973081e-221 3.327791409520635e-258 2.6250722112350185e-39 0.650000000000001 3.2808174399411947e-274 2.3671102484241997e-110 8.472974670806694e-26
108.50606360391087 0.35000000000000014 5.907971405823198e-39 8.536560747551248e-54 4.97324111423349e-97 5.734715217407715e-262 8.621273300296532e-219 9.008105970309041e-256 5.907971405823214e-39 0.650000000000001 1.3156988408527734e-271 2.7851883292820437e-109 1.496968874462956e-25
109.30606360391087 0.35000000000000014 1.313943390656187e-38 2.9119769438640797e-53 4.2371940237096076e-96 1.341200721334755e-259 9.224552255780535e-217 2.247674937100949e-253 1.3139433906561925e-38 0.650000000000001 4.836806612237633e-269 3.1624846728349246e-108 2.622556108891757e-25
110.10606360391088 0.35000000000000014 2.8885744674636307e-38 9.759141283634531e-53 3.5005928863958785e-95 2.8998477278455726e-257 9.226665724835816e-215 5.1806468685384456e-251 2.8885744674636495e-38 0.650000000000001 1.63377520353667e-266 3.468331396338647e-107 4.557696043229171e-25
110.90606360391088 0.35000000000000014 6.278767109910227e-38 3.2146840630588897e-52 2.8063846149456436e-94 5.806988084446207e-255 8.640918245387543e-213 1.105087564723965e-248 6.278767109910295e-38 0.650000000000001 5.080760071836324e-264 3.6768424118396554e-106 7.859603926344541e-25
111.70606360391088 0.35000000000000014 1.3497624935812252e-37 1.0412059909473948e-51 2.184677754334104e-93 1.0788474229390283e-252 7.588019382710565e-211 2.1853526856972358e-246 1.3497624935812467e-37 0.650000000000001 1.4573700398351494e-261 3.7706387002085726e-105 1.345210925469149e-24
112.50606360391089 0.35000000000000014 2.8703584179916028e-37 3.3171569701518036e-51 1.6524905146099197e-92 1.862542169589632e-250 6.25685302227161e-209 4.0130109604593976e-244 2.870358417991672e-37 0.650000000000001 3.8625624425213895e-259 3.7432565983834054e-104 2.285592876972688e-24
113.30606360391089 0.35000000000000014 6.0396350449341336e-37 1.0398704752306763e-50 1.215256001339722e-91 2.992723991488284e-248 4.85092694784203e-207 6.853737875179378e-242 6.039635044934345e-37 0.650000000000001 9.474919485320326e-257 3.5997933285930784e-103 3.855681777372415e-24
114.10606360391088 0.35000000000000014 1.2577025699244743e-36 3.20866242952334e-50 8.694222669781049e-91 4.4822634642854374e-246 3.5407722267218423e-205 1.0903223353587679e-239 1.2577025699245391e-36 0.650000000000001 2.1546438337627787e-254 3.3557382747481284e-102 6.459017070369822e-24
114.90606360391088 0.35000000000000014 2.5925786910771954e-36 9.748629543452745e-50 6.054483982423784e-90 6.266636080215686e-244 2.4362510668697295e-203 1.61806020852252e-237 2.592578691077392e-36 0.650000000000001 4.549458604045909e-252 3.034324016653584e-101 1.0746317648474309e-23
115.70606360391088 0.35000000000000014 5.291320839844726e-36 2.9172720561833642e-49 4.106283672298026e-89 8.190228769204145e-242 1.5820768401481608e-201 2.2432129117436886e-235 5.291320839845309e-36 0.650000000000001 8.932908559142529e-250 2.6630055829176866e-100 1.7759999743669007e-23
116.50606360391089 0.35000000000000014 1.0694568420491807e-35 8.601205084203309e-49 2.713822789641659e-88 1.002035102595071e-239 9.70801548052474e-200 2.909301094497893e-233 1.0694568420493527e-35 0.650000000000001 1.6335074992277893e-247 2.269780103586573e-99 2.9159222677460883e-23
117.30606360391089 0.35000000000000014 2.140996148713778e-35 2.499321607222307e-48 1.7486527273505302e-87 1.1491575852179813e-237 5.635499540797813e-198 3.534588584028222e-231 2.1409961487142772e-35 0.650000000000001 2.7859469938994244e-245 1.879988372122354e-98 4.7568153261363793e-23
118.10606360391088 0.35000000000000014 4.246254864597929e-35 7.159675658083658e-48 1.0991015353208788e-86 1.236956812361082e-235 3.0982862640623787e-196 4.0280491934414466e-229 4.246254864599361e-35 0.650000000000001 4.4377148361163816e-243 1.5140398700287588e-97 7.71116295174816e-23
118.9060636039109 0.35000000000000014 8.344793791580261e-35 2.022541172692815e-47 6.742187800412097e-86 1.251298817183991e-233 1.6150009661393232e-194 4.311363068722553e-227 8.344793791584307e-35 0.650000000000001 6.611129722474333e-241 1.1862455314290928e-96 1.2423414307524907e-22
119.70606360391089 0.35000000000000014 1.625265023717813e-34 5.635797026068908e-47 4.03834581981606e-85 1.1910707548220292e-231 7.990030317136923e-193 4.339520128136711e-225 1.6252650237189399e-34 0.650000000000001 9.223606445793177e-239 9.047005256751718e-96 1.9894466594139735e-22
120.50606360391089 0.35000000000000014 3.1376849437794576e-34 1.5494771925985546e-46 2.3629310874648277e-84 1.0680911700808803e-229 3.7557656070165115e-191 4.1124917600307806e-223 3.137684943782556e-34 0.650000000000001 1.206697370924833e-236 6.719850696768593e-95 3.166979013471011e-22
121.30606360391089 0.35000000000000014 6.0054635807564235e-34 4.2043777045227425e-46 1.3512737833795207e-83 9.034075776714826e-228 1.6790402727494213e-189 3.6738347999680624e-221 6.005463580764831e-34 0.650000000000001 1.482236081556958e-234 4.863673350055159e-94 5.012213630047421e-22
122.10606360391088 0.35000000000000014 1.1397492660898743e-33 1.1262032364745816e-45 7.555705546948354e-83 7.21540693383348e-226 7.146000285787867e-188 3.097326711183982e-219 1.1397492660921256e-33 0.650000000000001 1.71156092997177e-232 3.4319325922043344e-93 7.887404213895977e-22
122.9060636039109 0.35000000000000014 2.1452074411331974e-33 2.978785583216035e-45 4.132716911109837e-82 5.44783275416977e-224 2.8981432318176424e-186 2.4671511681669713e-217 2.145207441139154e-33 0.650000000000001 1.8601330176177356e-230 2.362090630571619e-92 1.2342585201889866e-21
123.70606360391089 0.35000000000000014 4.004941896037259e-33 7.781713664849921e-45 2.212126398747568e-81 3.892639482643046e-222 1.1210795933606722e-184 1.858753435456347e-215 4.004941896052826e-33 0.650000000000001 1.9049323388829327e-228 1.5865223540143578e-91 1.9208428541593694e-21
124.50606360391089 0.35000000000000014 7.417508767568033e-33 2.008298051195666e-44 1.1592519212524752e-80 2.6350061100041173e-220 4.140066673090006e-183 1.3259551095926028e-213 7.417508767608201e-33 0.650000000000001 1.8403197695436154e-226 1.040376905491901e-90 2.973282569454512e-21
125.3060636039109 0.35000000000000014 1.3630791684437247e-32 5.121518636940399e-44 5.949968800413211e-80 1.691546464885453e-218 1.460888108926477e-181 8.965381865828313e-212 1.3630791684539673e-32 0.650000000000001 1.6790626508402738e-224 6.663892031400685e-90 4.578076244130555e-21
126.1060636039109 0.35000000000000014 2.485706335508276e-32 1.2908780672726423e-43 2.9922058447444475e-79 1.0308312948724596e-216 4.9299215983633116e-180 5.751513994868081e-210 2.485706335534093e-32 0.650000000000001 1.4483378868501755e-222 4.1711020342411306e-89 7.012535712347612e-21
126.9060636039109 0.35000000000000014 4.498909138126815e-32 3.2164980670081396e-43 1.4749415085555547e-78 5.96922745228018e-215 1.592361942637601e-178 3.5042767091520833e-208 4.498909138191145e-32 0.650000000000001 1.1823878861339072e-220 2.5523916511272137e-88 1.068695679517474e-20
127.70606360391089 0.35000000000000014 8.082666380129153e-32 7.924763637686146e-43 7.128976056384432e-78 3.2876865353500155e-213 4.926953095154746e-177 2.0297198549622306e-206 8.082666380287648e-32 0.650000000000001 9.144993931882477e-219 1.5275688401742458e-87 1.6205430257752085e-20
128.5060636039109 0.35000000000000014 1.4416238280684032e-31 1.9310135253970696e-42 3.3799243640523214e-77 1.723887753161656e-211 1.4614946160388223e-175 1.1186740922192897e-204 1.4416238281070228e-31 0.650000000000001 6.7077280518419846e-217 8.945199425669684e-87 2.4453119199896035e-20
129.3060636039109 0.35000000000000014 2.553039179542746e-31 4.654457467699453e-42 1.5724208926349048e-76 8.613277597938754e-210 4.159459304555729e-174 5.872175558700103e-203 2.553039179635836e-31 0.650000000000001 4.670469281193417e-215 5.127307973410021e-86 3.6720942686709584e-20
130.1060636039109 0.35000000000000014 4.489812090014347e-31 1.1100030432810434e-41 7.180643549675657e-76 4.104437733336508e-208 1.1366527488747132e-172 2.938399781942278e-201 4.48981209023635e-31 0.650000000000001 3.0899589494394965e-213 2.877855806907969e-85 5.488288953776153e-20
130.9060636039109 0.35000000000000014 7.841868372646819e-31 2.6196008057357603e-41 3.2198655519799194e-75 1.8669821506839134e-206 2.9846426395789443e-171 1.4028721597291744e-199 7.841868373170742e-31 0.650000000000001 1.9442674206257735e-211 1.5823220177899424e-84 8.164705527694461e-20
131.7060636039109 0.35000000000000014 1.3604601424296165e-30 6.119054847426716e-41 1.4181932594126403e-74 8.113240002053813e-205 7.536071308345736e-170 6.39573482345395e-198 1.360460142551998e-30 0.650000000000001 1.1645672938220803e-209 8.52567705844208e-84 1.2090950145313177e-19
132.5060636039109 0.35000000000000014 2.3446600061096204e-30 1.4149865712212938e-40 6.1375699461997065e-74 3.371116102109302e-203 1.8310184799265355e-168 2.7866909737562035e-196 2.344660006392619e-30 0.650000000000001 6.646043746392073e-208 4.503281605517101e-83 1.782509124456238e-19
133.3060636039109 0.35000000000000014 4.014702116933195e-30 3.23979524085118e-40 2.610703475895853e-73 1.3403781119796363e-201 4.2838584387118046e-167 1.1613561219960533e-194 4.0147021175811524e-30 0.650000000000001 3.6168236334300085e-206 2.332651343278366e-82 2.616307384947097e-19
134.10606360391088 0.35000000000000014 6.830564049787547e-30 7.346098423633223e-40 1.0918227510106461e-72 5.103826075856552e-200 9.657497439485632e-166 4.633019262210239e-193 6.830564051256762e-30 0.650000000000001 1.8785535627832447e-204 1.1853365131563121e-81 3.823533391489024e-19
134.9060636039109 0.35000000000000014 1.1548851490994557e-29 1.6498509304181896e-39 4.490663570198514e-72 1.862567216430838e-198 2.0992624029957066e-164 1.770600578429148e-191 1.1548851494294252e-29 0.650000000000001 9.319870291082817e-203 5.910873354648786e-81 5.564072490462058e-19
135.70606360391088 0.35000000000000014 1.9406537384533083e-29 3.670747753232839e-39 1.817020860679872e-71 6.519291378844027e-197 4.402712206497633e-163 6.487281157454203e-190 1.9406537391874567e-29 0.650000000000001 4.420136687974421e-201 2.8934994529142834e-80 8.063142597014056e-19
136.5060636039109 0.35000000000000014 3.2413897457636095e-29 8.092032712826869e-39 7.234767375644995e-71 2.1901728056620105e-195 8.914512462224304e-162 2.280397820228024e-188 3.241389747382014e-29 0.650000000000001 2.0055912418558302e-199 1.3909040125429052e-79 1.163672385669783e-18
137.30606360391087 0.35000000000000014 5.381882647920904e-29 1.7677615832192288e-38 2.8354752384986266e-70 7.067336185879602e-194 1.74367112333249e-160 7.696211697923317e-187 5.381882651456426e-29 0.650000000000001 8.712914724680727e-198 6.567648664076928e-79 1.6726396415666362e-18
138.10606360391088 0.35000000000000014 8.883860453201892e-29 3.827549688997668e-38 1.094163786494436e-69 2.1919727989207182e-192 3.296712199699851e-159 2.495556299880042e-185 8.883860460856988e-29 0.650000000000001 3.626807795247982e-196 3.0471616351302118e-78 2.394688652242772e-18
138.90606360391087 0.35000000000000014 1.4580670744224231e-28 8.215152173977822e-38 4.1582427855740554e-69 6.539014748094139e-191 6.028382541165597e-158 7.780010558473668e-184 1.4580670760654532e-28 0.650000000000001 1.4475844288727503e-194 1.3895835337470295e-77 3.415071571677823e-18
139.70606360391088 0.35000000000000014 2.379601777540669e-28 1.7481272492773326e-37 1.5567596594914212e-68 1.8774836630732305e-189 1.0667727272003121e-156 2.3334962064739897e-182 2.379601781036923e-28 0.650000000000001 5.544118899735322e-193 6.230245960894662e-77 4.851578446813046e-18
140.50606360391086 0.35000000000000014 3.8621028750019948e-28 3.688558502127626e-37 5.74285880212346e-68 5.1916940393094684e-188 1.8278338829550422e-155 6.7380330539061e-181 3.8621028823791097e-28 0.650000000000001 2.0388926823875542e-191 2.7471474551985416e-76 6.866360065643988e-18
141.30606360391087 0.35000000000000014 6.2341462089728235e-28 7.71842389528942e-37 2.0880345272968965e-67 1.3835252437488472e-186 3.034115923573299e-154 1.874290438770615e-179 6.234146224409664e-28 0.650000000000001 7.204875308700619e-190 1.1916180129822652e-75 9.681831259830382e-18
142.10606360391085 0.35000000000000014 1.0009298125899312e-27 1.6019524178481093e-36 7.484380841019809e-67 3.55533032168714e-185 4.881910634219957e-153 5.025632071041403e-178 1.000929815793835e-27 0.650000000000001 2.448044163572411e-188 5.086157264429313e-75 1.3601988826841974e-17
142.90606360391087 0.35000000000000014 1.5986109130281511e-27 3.2982152589560066e-36 2.645367929731948e-66 8.815591707683141e-184 7.6179145518005186e-152 1.2997528890509535e-176 1.5986109196245812e-27 0.650000000000001 8.003070334359093e-187 2.1367652493421892e-74 1.904089024646353e-17
143.70606360391085 0.35000000000000014 2.5399933147635977e-27 6.737128390440153e-36 9.222089596290249e-66 2.1103744976261527e-182 1.153432966582822e-150 3.2441993439897756e-175 2.5399933282378546e-27 0.650000000000001 2.5189309070841913e-185 8.83796386743698e-74 2.6560571122123388e-17
144.50606360391086 0.35000000000000014 4.0152290679963056e-27 1.3655067673114671e-35 3.171644121144411e-65 4.880410522407309e-181 1.6954113871108723e-149 7.819617378662266e-174 4.015229095306442e-27 0.650000000000001 7.637823507529839e-184 3.5998762974158905e-73 3.6921363395491183e-17
145.30606360391084 0.35000000000000014 6.315569435752805e-27 2.7465759418386244e-35 1.0763365014489919e-64 1.0909092164038606e-179 2.4204495076289242e-148 1.821141553373877e-172 6.315569490684326e-27 0.650000000000001 2.232452737010028e-182 1.4443485063840781e-72 5.1148453763380003e-17
146.10606360391085 0.35000000000000014 9.884957812002538e-27 5.483052343823715e-35 3.605078490057437e-64 2.358291994490836e-178 3.3578574028511406e-147 4.1003950021036236e-171 9.884957921663585e-27 0.650000000000001 6.29381502510721e-181 5.709685899751102e-72 7.06196435026198e-17
146.90606360391084 0.35000000000000014 1.5396859694276054e-26 1.086523994563012e-34 1.1920017689767448e-63 4.93309281976457e-177 4.528729200733781e-146 8.930376083571337e-170 1.5396859911580852e-26 0.650000000000001 1.7124537185868294e-179 2.224398856318518e-71 9.718070081895763e-17
147.70606360391085 0.35000000000000014 2.3868144790300783e-26 2.137442188189715e-34 3.891572073426347e-63 9.990441349212475e-176 5.940685308706102e-145 1.882387310506868e-168 2.3868145217789237e-26 0.650000000000001 4.49930581508217e-178 8.542313459581812e-71 1.3329651409798726e-16
148.10606360391085 0.35000000000000014 2.966510112749529e-26 2.989868847936918e-34 6.998567467911609e-63 4.4423311340986757e-175 2.1296381600059364e-144 8.538254897124166e-168 2.96651017254691e-26 0.650000000000001 2.2766828704887257e-177 1.6651337773611997e-70 1.5592446183427315e-16
148.50606360391083 0.35000000000000014 3.682712137042264e-26 4.174826364634212e-34 1.2547227927664951e-62 1.9598086744454069e-174 7.582895224623845e-144 3.842081458697756e-167 3.682712220538796e-26 0.650000000000001 1.1422120175367989e-176 3.2344518473181116e-70 1.8224855722530896e-16
148.90606360391084 0.35000000000000014 4.566553492040851e-26 5.819147996557674e-34 2.242599648107653e-62 8.578555637183978e-174 2.681927912790896e-143 1.715246210065343e-166 4.566553608423814e-26 0.650000000000001 5.6821950673034845e-176 6.260980361155421e-70 2.128487182363942e-16
149.30606360391084 0.35000000000000014 5.656036246590545e-26 8.096945487127634e-34 3.996057209831891e-62 3.725972411075827e-173 9.42247710561244e-143 7.597587237633224e-166 5.656036408529454e-26 0.650000000000001 2.803114561388174e-175 1.2077752268493027e-69 2.483920877910977e-16
149.70606360391082 0.35000000000000014 6.997495961634997e-26 1.1246824342484233e-33 7.099016296093286e-62 1.6058943509139607e-172 3.288607651572105e-142 3.3391911887097294e-165 6.997496186571489e-26 0.650000000000001 1.3713546551401839e-174 2.321902199086476e-69 2.8964558268557104e-16
150.10606360391083 0.35000000000000014 8.647367254634446e-26 1.5595219261430192e-33 1.2573656996913205e-61 6.868672353432937e-172 1.1402782707326521e-141 1.4562974394493967e-164 8.647367566538837e-26 0.650000000000001 6.653827942099702e-174 4.4486428175263137e-69 3.374901650213157e-16
150.30606360391084 0.35000000000000014 9.608869320147027e-26 1.8352446014350107e-33 1.6715059087984933e-61 1.416481642223614e-171 2.118113519954814e-141 3.0325220894816884e-164 9.608869687195951e-26 0.650000000000001 1.4611549037978923e-173 6.14992996788656e-69 3.6419454634534077e-16
150.50606360391083 0.35000000000000014 1.0674310248327845e-25 2.158797282183882e-33 2.2204056578775935e-61 2.9156207854081687e-171 3.9281135362698557e-141 6.302728925239355e-164 1.0674310680087302e-25 0.650000000000001 3.20209853184103e-173 8.494711160314335e-69 3.9293706108841616e-16
150.70606360391085 0.35000000000000014 1.1854602262482912e-25 2.538317468961683e-33 2.947379844760197e-61 5.9900968516872295e-171 7.273074447773541e-141 1.3074567261580608e-163 1.1854602770146404e-25 0.650000000000001 7.003101312534715e-173 1.1723689662620423e-68 4.2386748733523036e-16
150.90606360391084 0.35000000000000014 1.3161768960514409e-25 2.9832998799311323e-33 3.909493853300027e-61 1.2283513596403503e-170 1.3444789530706952e-140 2.707093867728769e-163 1.3161769557174377e-25 0.650000000000001 1.5285051708013812e-172 1.6166599972999086e-68 4.571461804797035e-16
151.10606360391085 0.35000000000000014 1.4609054981922723e-25 3.504818254902368e-33 5.181874146309733e-61 2.5142042243945188e-170 2.481388213600416e-140 5.594481556229095e-163 1.460905568288636e-25 0.650000000000001 3.329412985579361e-172 2.227476724177108e-68 4.929447894503895e-16
151.30606360391084 0.35000000000000014 1.6211046145139153e-25 4.1157826597035324e-33 6.863353077770827e-61 5.136542250690125e-170 4.572386124142883e-140 1.1539849499045247e-162 1.6211046968295671e-25 0.650000000000001 7.237625801269426e-172 3.066543826436021e-68 5.31447019320643e-16
151.50606360391086 0.35000000000000014 1.7983801020904229e-25 4.83123785253153e-33 9.08385560425415e-61 1.0474582718487689e-169 8.412039184539146e-140 2.375895971573321e-162 1.798380198715179e-25 0.650000000000001 1.5702026561801126e-171 4.218209095943556e-68 5.728494431683207e-16
151.70606360391085 0.35000000000000014 1.9944994993309301e-25 5.6687091263425637e-33 1.2014058529204543e-60 2.132069286215502e-169 1.545156941267328e-139 4.882529427904762e-162 1.994499612705112e-25 0.650000000000001 3.3997722372492807e-171 5.797641521826327e-68 6.173623662179827e-16
151.90606360391087 0.35000000000000014 2.2114077953373842e-25 6.648603021458689e-33 1.5878012462294397e-60 4.3317936644434544e-169 2.833736928855179e-139 1.0015108703793498e-161 2.2114079283094434e-25 0.650000000000001 7.346523315991159e-171 7.961966268818944e-68 6.652107454760291e-16
152.10606360391085 0.35000000000000014 2.4512446871249262e-25 7.79467142910676e-33 2.0969623566185455e-60 8.78494820570425e-169 5.188774202602775e-139 2.050515119514256e-161 2.4512448430183534e-25 0.650000000000001 1.5843648324503526e-170 1.0925376534516003e-67 7.166351682565894e-16
152.20606360391088 0.35000000000000014 2.5804878629827496e-25 8.438488835596212e-33 2.4091913862335252e-60 1.2501931948179821e-168 7.017179647939635e-139 2.932015788383043e-161 2.580488031752524e-25 0.650000000000001 2.3249889633980436e-170 1.2794182731800068e-67 7.43768108260225e-16
152.30606360391087 0.35000000000000014 2.7163634602966664e-25 9.134548900940281e-33 2.7674160254827114e-60 1.7783536006028183e-168 9.486172042252966e-139 4.190539501308089e-161 2.7163636429876422e-25 0.650000000000001 3.410147601579876e-170 1.4979626249423977e-67 7.718928931936362e-16
153.10606360391085 0.35 4.085410660707785e-25 1.715840776798378e-32 8.335413122887841e-60 2.932833694349571e-167 1.043421766077343e-137 7.177283858054523e-160 4.085411003875938e-25 0.6500000000000006 7.177133592790525e-169 5.2513553767534854e-67 1.0370494954142258e-15
153.90606360391087 0.3499999999999997 6.118626542215196e-25 3.2023744566193825e-32 2.4825896571098902e-59 4.7002730170534747e-166 1.1198854157465123e-136 1.1942318326357525e-158 6.118627182690085e-25 0.650000000000001 1.464585472479627e-167 1.8177158302815917e-66 1.3892715909587594e-15
154.70606360391085 0.34999999999999926 9.125799255801481e-25 5.93903161576449e-32 7.31278847717227e-59 7.323609462131606e-165 1.1732691350920501e-135 1.931311376158356e-157 9.125800443607806e-25 0.650000000000002 2.899097646080209e-166 6.213689806538377e-66 1.85583342768133e-15
155.50606360391086 0.34999999999999853 1.3555463625864627e-24 1.094585822062478e-31 2.1307618807889222e-58 1.1098938729030727e-163 1.2003096075020432e-134 3.036972349954958e-156 1.3555465815036271e-24 0.6500000000000027 5.569263467012884e-165 2.09809550764109e-65 2.4721428031168343e-15
156.30606360391084 0.34999999999999787 2.0054486062522154e-24 2.005007749228943e-31 6.142324268945097e-58 1.6367254395083584e-162 1.1995499439603813e-133 4.645580178791922e-155 2.005449007253765e-24 0.6500000000000034 1.0387657371971478e-163 6.998975184896439e-65 3.2840443932999077e-15
157.10606360391085 0.3499999999999969 2.9552146875827287e-24 3.6505214586604746e-31 1.752052396707044e-57 2.3495705667304713e-161 1.1714598827630569e-132 6.915627324999876e-154 2.9552154176870223e-24 0.6500000000000049 1.8819864004493956e-162 2.3070495756952876e-64 4.350740741270984e-15
157.90606360391084 0.3499999999999956 4.337834507648722e-24 6.60702738683409e-31 4.945920773788904e-57 3.284701978052586e-160 1.1183352789795856e-131 1.002291258696734e-152 4.337835829054199e-24 0.6500000000000064 3.313481239318966e-161 7.515724004502031e-64 5.7484872313261e-15
158.70606360391085 0.349999999999994 6.3429157541895895e-24 1.18879945775643e-30 1.381976738819094e-56 4.473745300467925e-159 1.0440002022545793e-130 1.4148216611931954e-151 6.342918131788501e-24 0.6500000000000086 5.671632235301196e-160 2.4202081742506333e-63 7.57525457333967e-15
159.50606360391083 0.3499999999999917 9.239787734179172e-24 2.126672128416444e-30 3.822735631592582e-56 5.93859715986849e-158 9.533635652109895e-130 1.9459246421886656e-150 9.239791987523425e-24 0.6500000000000112 9.442124814861667e-159 7.705089341534873e-63 9.956597803351944e-15
160.30606360391084 0.34999999999998876 1.340962703163968e-23 3.782851824523736e-30 1.0469667010656557e-55 7.685992440871823e-157 8.518997356018262e-129 2.60876315565601e-149 1.340963459734333e-23 0.6500000000000145 1.529496642858923e-157 2.425600367608079e-62 1.3053026288708705e-14
161.10606360391083 0.3499999999999847 1.938996993257235e-23 6.691163312329104e-30 2.8394902170898395e-55 9.702471396260765e-156 7.451266665524362e-128 3.410295708505578e-148 1.938998331489896e-23 0.6500000000000187 2.411681115697601e-156 7.551783702905715e-62 1.7069236753771084e-14
161.90606360391084 0.3499999999999795 2.793617280510183e-23 1.1770187332014253e-29 7.627098591541752e-55 1.1950629025057632e-154 6.381464848576366e-127 4.348699232889551e-147 2.7936196345476487e-23 0.6500000000000236 3.703017764425496e-155 2.3256226287953548e-61 2.2265653347393526e-14
162.70606360391082 0.3499999999999728 4.010598224129221e-23 2.0592060102134552e-29 2.0293229458859042e-54 1.436751461445763e-153 5.3529548116918656e-126 5.41121371049166e-146 4.010602342541241e-23 0.65000000000003 5.538917450024411e-154 7.085290482433335e-61 2.897281814105518e-14
163.50606360391083 0.3499999999999641 5.737551137327482e-23 3.5833187328322826e-29 5.349041205638537e-54 1.6865859385313619e-152 4.3992772501495306e-125 6.572838068017351e-145 5.737558303964949e-23 0.6500000000000385 8.074070073973445e-153 2.135859808541893e-60 3.760929559227484e-14
164.30606360391084 0.34999999999995296 8.179775625478738e-23 6.202605733050487e-29 1.3969879965121015e-53 1.9338452731664365e-151 3.54333913814124e-124 7.796255328029044e-144 8.179788030690208e-23 0.6500000000000498 1.1474157164705736e-151 6.371638561755599e-60 4.870389946695689e-14
165.10606360391083 0.34999999999993886 1.1621854590495953e-22 1.06806878746907e-28 3.615423709724091e-53 2.166551204585848e-150 2.7977848284736026e-123 9.033229737616587e-143 1.16218759518717e-22 0.6500000000000639 1.5902622048617793e-150 1.8813005301378592e-59 6.292322524416686e-14
165.9060636039108 0.34999999999992076 1.6456978556646002e-22 1.829755920396755e-28 9.273256141260147e-53 2.3724381816039662e-149 2.166258223605713e-122 1.0227513916719694e-141 1.6457015151764412e-22 0.6500000000000823 2.1502665292177125e-149 5.498674087214088e-59 8.110568072545169e-14
166.70606360391082 0.3499999999998977 2.322663915621832e-22 3.1188029970930836e-28 2.3575856626122755e-52 2.5400456383638724e-148 1.6452132461793955e-121 1.1319062785071513e-140 2.3226701532278267e-22 0.6500000000001054 2.837555972298872e-148 1.5911583801437207e-58 1.0430345901191077e-13
167.50606360391083 0.34999999999986825 3.2674189967261187e-22 5.289503573175397e-28 5.9418196413560956e-52 2.659794307887777e-147 1.2259411811094435e-120 1.2249118584514518e-139 3.267429575733263e-22 0.6500000000001354 3.65573935899776e-147 4.559173825939992e-58 1.3383419890029096e-13
168.30606360391081 0.3499999999998307 4.581689626134919e-22 8.926985466620274e-28 1.4847104206804363e-51 2.7249033962825384e-146 8.965399773687095e-120 1.2965555796697532e-138 4.581707480105847e-22 0.6500000000001733 4.599725101447687e-146 1.2937093389120601e-57 1.7134443709690812e-13
169.1060636039108 0.3499999999997834 6.40425610514833e-22 1.4992976201661046e-27 3.678636685076884e-51 2.7320253377596826e-145 6.436313314718397e-119 1.3427795334270664e-137 6.404286091100726e-22 0.650000000000221 5.654039533638642e-145 3.63600500567175e-57 2.1888738497772504e-13
169.9060636039108 0.3499999999997233 8.92387219353507e-22 2.506072260976711e-27 9.038709774142341e-51 2.6815160495342846e-144 4.537168554151821e-118 1.3610634372449069e-136 8.923922314980282e-22 0.6500000000002811 6.792002733842543e-144 1.0122963971890293e-56 2.7901807219718226e-13
170.70606360391082 0.34999999999964765 1.2396488729404455e-21 4.169184264594377e-27 2.202677827783339e-50 2.57731317866598e-143 3.1414016877599264e-117 1.350648758790438e-135 1.2396572113089738e-21 0.650000000000357 7.976052464117908e-143 2.792180865763546e-56 3.5490950453181886e-13
171.5060636039108 0.34999999999955206 1.7168148086278342e-21 6.903810480056825e-27 5.324393718379409e-50 2.426452266430259e-142 2.1367877363070978e-116 1.3125769683244603e-134 1.716828616248795e-21 0.6500000000004528 9.159374094783979e-142 7.631117769650222e-56 4.5049420050023594e-13
172.3060636039108 0.34999999999943193 2.3705329221682455e-21 1.1379806586790481e-26 1.2767701435378097e-49 2.2383004127754676e-141 1.4282529856401591e-115 1.2495423017008834e-133 2.3705556817814187e-21 0.6500000000005731 1.0288811711866275e-140 2.0667911878226747e-55 5.70636319725927e-13
173.1060636039108 0.34999999999928105 3.2635054173852562e-21 1.8673108116592134e-26 3.0375712942149068e-49 2.0236204972850132e-140 9.383379053092153e-115 1.1655856433421094e-132 3.2635427636014892e-21 0.6500000000007239 1.130883282952567e-139 5.547827551840855e-55 7.213405979157949e-13
173.9060636039108 0.34999999999909237 4.4797748225785e-21 3.050429629539896e-26 7.170647947473486e-49 1.7935917750983335e-139 6.060749230594688e-114 1.065676555353755e-131 4.47983583117109e-21 0.6500000000009125 1.2166134009767532e-138 1.4761153448152664e-54 9.10005484369904e-13
174.7060636039108 0.34999999999885684 6.131671774679468e-21 4.9612891696966694e-26 1.6797883949051423e-48 1.5589046534069664e-138 3.849523528654783e-113 9.552419184483462e-131 6.131771000462861e-21 0.650000000001148 1.2814344743804804e-137 3.893505079381745e-54 1.1457292676988526e-12
175.50606360391077 0.34999999999856285 8.36892222132169e-21 8.034210056358924e-26 3.905352721528128e-48 1.329022566489149e-137 2.404916864480191e-112 8.397009692439076e-130 8.369082905522814e-21 0.6500000000014418 1.3218240643174678e-136 1.0182056009605269e-53 1.4396796079558728e-12
176.3060636039108 0.3499999999981972 1.1390553285815057e-20 1.295485164137995e-25 9.011973404098999e-48 1.1116686362244674e-136 1.4780958000908807e-111 7.24058622895432e-129 1.1390812382847885e-20 0.6500000000018075 1.3356926723185216e-135 2.640309020425091e-53 1.805538807823664e-12
177.1060636039108 0.34999999999774284 1.5460416794645257e-20 2.080115126208166e-25 2.0643204891132284e-47 9.125566726471907e-136 8.939428282082935e-111 6.125943765165432e-128 1.5460832817670503e-20 0.6500000000022621 1.3225590367211859e-134 6.789658580313515e-53 2.2600393967286487e-12
177.90606360391078 0.3499999999971794 2.092737708693698e-20 3.3260790163279477e-25 4.694342592711306e-47 7.35351748613868e-135 5.321266767245494e-110 5.086661883650737e-127 2.0928042302740245e-20 0.6500000000028255 1.2835626464721581e-133 1.731663452942614e-52 2.823607221216802e-12
178.70606360391076 0.34999999999648185 2.825149723482719e-20 5.296538919584744e-25 1.0598757620735425e-46 5.818198692667958e-134 3.1182448796643046e-109 4.1463097127401386e-126 2.825255654261111e-20 0.6500000000035231 1.2213166898684885e-132 4.3807558116522784e-52 3.521132291432626e-12
179.50606360391077 0.3499999999956202 3.803792006418944e-20 8.400205479140286e-25 2.3760687150114156e-46 4.5211147576061894e-133 1.799224706934494e-108 3.318685481409172e-125 3.803960010528524e-20 0.6500000000043845 1.139626175720392e-131 1.0993889908129427e-51 4.382891194257841e-12
180.3060636039108 0.34999999999455744 5.108059569951524e-20 1.3269332754786542e-24 5.289656724914177e-46 3.451196073681259e-132 1.0224193557160507e-107 2.608858564959684e-124 5.1083249566066194e-20 0.6500000000054472 1.0431124080931651e-130 2.73726264205401e-51 5.445649025159721e-12
181.10606360391077 0.3499999999932492 6.841857830165272e-20 2.0878177110943213e-24 1.16950026072893e-45 2.5885859141119897e-131 5.723056704851253e-107 2.0147344209164692e-123 6.842275393707492e-20 0.6500000000067557 9.367939546221133e-130 6.762222739482742e-51 6.753973600237112e-12
181.90606360391075 0.34999999999164144 9.140832887634365e-20 3.2722227818975383e-24 2.5681280717356794e-45 1.908201860533501e-130 3.15622280960363e-106 1.5288639787847777e-122 9.141487332190754e-20 0.6500000000083636 8.256749209835486e-129 1.6577337307924367e-50 8.361800286413036e-12
182.70606360391076 0.349999999989669 1.218163523582834e-19 5.108836737553533e-24 5.601638098317307e-45 1.3827797421847387e-129 1.7152665737161911e-105 1.1402572235923525e-121 1.2182657003175863e-19 0.6500000000103362 7.143845308338665e-128 4.0330722498595436e-50 1.0334292243658361e-11
183.50606360391077 0.3499999999872534 1.6193760696571344e-19 7.94605831474116e-24 1.2137611976965708e-44 9.852470160807568e-129 9.187602408595614e-105 8.360210175382884e-121 1.6195349908234307e-19 0.650000000012752 6.0689976127838315e-127 9.738588958924923e-50 1.2750048335984572e-11
184.30606360391076 0.3499999999842999 2.147465024548128e-19 1.2312701272314828e-23 2.612813701778267e-44 6.90391534565002e-128 4.8513220720096985e-104 6.0270900673523954e-120 2.1477112785735766e-19 0.650000000015706 5.0636782611055e-126 2.334194438417977e-49 1.570371958194296e-11
185.10606360391074 0.3499999999806946 2.840890126297721e-19 1.9008495393296946e-23 5.588266983540917e-44 4.7587965006722245e-127 2.5257168332245585e-103 4.273349086220278e-119 2.84127029620559e-19 0.6500000000193116 4.150304089474172e-125 5.5539303814099094e-49 1.9309104943499418e-11
185.90606360391075 0.3499999999763009 3.7492654057429683e-19 2.923852839134584e-23 1.187613800275067e-43 3.227317413786427e-126 1.296742376960767e-102 2.980517806644728e-118 3.749850176310797e-19 0.6500000000237056 3.3423901640353186e-124 1.3119793419291268e-48 2.370280867835181e-11
186.70606360391076 0.34999999997095516 4.936447824694333e-19 4.481226054522699e-23 2.5080602869758186e-43 2.1538678119774616e-125 6.566647338288515e-102 2.045354504618296e-117 4.937344069905241e-19 0.6500000000290513 2.6454211317163074e-123 3.077207687017893e-48 2.9048554612300358e-11
187.50606360391075 0.34999999996446146 6.484440461079263e-19 6.843710310295749e-23 5.263807597486926e-43 1.4148735408594413e-124 3.280421839143585e-101 1.381300866475739e-116 6.485809203141328e-19 0.650000000035545 2.0582035010526514e-122 7.166866156678057e-48 3.554226775844395e-11
188.30606360391073 0.34999999995658576 8.498314240869196e-19 1.0415000813042964e-22 1.0979824436480457e-42 9.15006749949636e-124 1.6169083897248213e-100 9.18202706810605e-116 8.5003972410318075e-19 0.650000000043421 1.574459053028484e-121 1.6576133684423836e-47 4.341805098093327e-11
189.10606360391074 0.3499999999470487 1.1112400563543601e-18 1.5794980066000235e-22 2.276447347094297e-42 5.826724122184154e-123 7.864719193076564e-100 6.009048569962216e-115 1.1115559559556809e-18 0.650000000052958 1.184448377196847e-120 3.8076481882281287e-47 5.2955204167026475e-11
189.90606360391075 0.3499999999355175 1.4498066308169935e-18 2.3872052528605173e-22 4.691584511010789e-42 3.654281771743654e-122 3.7756711668193175e-99 3.872349241392451e-114 1.4502840718675658e-18 0.6500000000644893 8.76462202648705e-120 8.687355150902098e-47 6.448645596211781e-11
190.70606360391074 0.34999999992159636 1.8873454896511334e-18 3.595752870036252e-22 9.611994860039699e-42 2.257561156982698e-121 1.7893199040718188e-98 2.457696979409672e-113 1.8880646402251408e-18 0.6500000000784102 6.380747758929346e-119 1.968849408494126e-46 7.840760390749956e-11
191.50606360391072 0.3499999999048155 2.4515665020546582e-18 5.398057019967261e-22 1.95781362202567e-41 1.3740990122090513e-120 8.372076351031013e-98 1.536558508453638e-112 2.4526461134586525e-18 0.6500000000951915 4.571080038856217e-118 4.432696388065467e-46 9.518878821273219e-11
192.30606360391073 0.3499999998846167 3.177594552119763e-18 8.077007703311773e-22 3.964826845965531e-41 8.24170858792099e-120 3.868093233432219e-97 9.46492903849358e-112 3.1792099536604266e-18 0.6500000001153904 3.22300510965717e-117 9.914935290909954e-46 1.1538765785463983e-10
193.10606360391074 0.34999999986033975 4.109861454300283e-18 1.2046099468215348e-21 7.983675311744398e-41 4.8720929173522193e-119 1.7650020478773995e-96 5.745294506570454e-111 4.1122706741939276e-18 0.6500000001396676 2.237086015126437e-116 2.2035022935516584e-45 1.3966472573727445e-10
193.90606360391072 0.3499999998312032 5.304456800186535e-18 1.7907811626504868e-21 1.5985912822494335e-40 2.8391606936063485e-118 7.955047018009535e-96 3.437254884303177e-110 5.308038362511837e-18 0.6500000001688044 1.5288577054878194e-115 4.866017294049163e-45 1.6880125284439802e-10
194.7060636039107 0.34999999979628454 6.832043192909869e-18 2.6537231225212565e-21 3.1831536323597777e-40 1.631233761057548e-117 3.542036707972047e-95 2.027179489256881e-109 6.837350639154914e-18 0.6500000002037237 1.0289538963482064e-114 1.0678361061581227e-44 2.0372005030529038e-10
195.50606360391072 0.34999999975449503 8.781464169138337e-18 3.920146558241833e-21 6.303655743895613e-40 9.242057501222387e-117 1.5582546876577481e-94 1.1787695503971099e-108 8.789304462254824e-18 0.6500000002455134 6.82102472385806e-114 2.3288428206659912e-44 2.455096437840163e-10
196.30606360391073 0.34999999970455237 1.1264200583898665e-17 5.772964431575976e-21 1.2415686569369758e-39 5.164407695209527e-116 6.77423126518378e-94 6.7592076886739295e-108 1.1275746512761824e-17 0.6500000002954558 4.454584734312904e-113 5.047934670687243e-44 2.954523073775313e-10
197.1060636039107 0.3499999996449483 1.4419864209083124e-17 8.475421703045802e-21 2.432318818337112e-39 2.8467128391085857e-115 2.9105678032371678e-93 3.822658733779899e-107 1.4436815052489224e-17 0.6500000003550606 2.8664635093129964e-112 1.0875723264813589e-43 3.5505654514036477e-10
197.9060636039107 0.34999999957391026 1.8422956788541593e-17 1.2405243050062597e-20 4.739902577073206e-39 1.5481347240754056e-114 1.2360906094296923e-92 2.1326007449684406e-106 1.8447767274641724e-17 0.6500000004260988 1.8177894829134643e-111 2.3291954059954936e-43 4.2609467840781374e-10
