Temp Th_NH3 Th_NH2 Th_NH Th_N Th_NN Th_NNH Th_N2 Th_H Th P_N2 P_H2 P_NH3
100.0 0.15 0.0 0.0 0.0 0.0 0.0 0.0 0.0 0.85 0.0 0.0 0.0
100.0001 0.15 3.638733138521423e-47 4.383166453419763e-68 8.60849400784408e-120 2.12665259085e-313 2.3422441486536345e-266 1.856996757046e-311 3.638733138521423e-47 0.8499999999999995 -0.0 8.404673414185553e-134 8.105344637364739e-33
100.0003534123652 0.1499999999999999 1.286162979205291e-46 5.4756920673351284e-67 3.8014399491339986e-118 4.17799762218777e-310 4.568026464811342e-263 1.29064424323015e-307 1.286162979205291e-46 0.8499999999999998 0.0 3.7116025575300374e-132 2.8648211067856767e-32
100.00112443452397 0.14999999999999994 4.0939577329118894e-46 5.546389238733566e-66 1.2258579254477226e-116 4.358703288725221e-307 4.752023558871893e-260 4.283547789644634e-304 4.0939577329118894e-46 0.85 -0.0 1.1970528725571415e-130 9.117686932260374e-32
100.00784866097085 0.14999999999999997 2.8688366946086984e-45 2.716804657427248e-64 4.213957661390611e-114 5.214862981897313e-302 5.634129362127087e-255 3.564575686768806e-298 2.8688366946086984e-45 0.85 5.068773e-318 4.1198979100961244e-128 6.381483902847483e-31
100.07033327828 0.14999999999999997 2.666716432756354e-44 2.2935840067163506e-62 3.352416845677358e-111 3.6781373954221404e-296 3.6785607526268907e-249 2.1778271349521064e-291 2.666716432756354e-44 0.85 2.77573213880775e-310 3.315143598245394e-125 5.864850574052494e-30
100.71843982324941 0.14999999999999997 4.078010396592056e-43 4.140028655106239e-60 1.0646855613107316e-107 1.1327634073037385e-288 5.187945048966849e-242 5.037149245806467e-283 4.078010396592056e-43 0.85 6.687648397536984e-301 1.2102205508829922e-121 7.871385315911593e-29
101.51843982324941 0.14999999999999997 1.498727290833512e-42 3.913334596502824e-59 4.360006776408918e-106 7.371589788148849e-285 1.3344945356678417e-238 5.149502801078022e-279 1.498727290833512e-42 0.85 1.5947029134523338e-296 6.178600905775714e-120 2.392288733209798e-28
102.31843982324942 0.14999999999999997 4.188588804897784e-42 2.082277482435243e-58 7.550532763792777e-105 8.39807158512144e-282 6.173654169745402e-236 7.1388465447977195e-276 4.188588804897784e-42 0.85 3.917777818640514e-293 1.3895545242853006e-118 5.390544228844199e-28
103.11843982324942 0.14999999999999997 1.0728120437095642e-41 9.179508405198991e-58 9.822015411333118e-104 5.289851410457401e-279 1.6101841618923916e-233 5.073622409053548e-273 1.0728120437095642e-41 0.85 4.5253172238495996e-290 2.4075368827615725e-117 1.0938657740197879e-27
103.91843982324941 0.14999999999999997 2.640960225981633e-41 3.7216090592990344e-57 1.1206253534050882e-102 2.5122516351191593e-276 3.2173181849211475e-231 2.6396510880694812e-270 2.640960225981633e-41 0.85 3.6879302052878975e-287 3.7051086975744965e-116 2.1111415979399113e-27
104.71843982324941 0.14999999999999997 6.351084844878918e-41 1.4412553557870522e-56 1.1869174410914681e-101 1.008189853925281e-273 5.5095799431149685e-229 1.1456810855880184e-267 6.351084844878915e-41 0.85 2.460263128200228e-284 5.3169748003904285e-115 3.9597244441999016e-27
105.51843982324941 0.14999999999999997 1.5014395644526708e-40 5.413783172817737e-56 1.1945273228541871e-100 3.583428127356332e-271 8.467220182940119e-227 4.377833641630867e-265 1.5014395644526716e-40 0.85 1.4284343052190557e-281 7.249384768637479e-114 7.289640850917005e-27
106.3184398232494 0.14999999999999997 3.498551216302498e-40 1.985428429740728e-55 1.153961721242899e-99 1.1516664912116947e-268 1.1915117983250345e-224 1.5079988228670108e-262 3.498551216302501e-40 0.85 7.414819019900542e-279 9.465244147748878e-113 1.3236761559091786e-26
107.11843982324942 0.14999999999999997 8.044965926652327e-40 7.130069278996757e-55 1.0750997188191122e-98 3.379815677719148e-266 1.5498121390151856e-222 4.734881346117362e-260 8.044965926652342e-40 0.85 3.484700611610968e-276 1.1878270682362586e-111 2.3769503898791407e-26
107.91843982324941 0.14999999999999997 1.8268604613032194e-39 2.511115863105577e-54 9.683089066486915e-98 9.104715036045523e-264 1.87244996992241e-220 1.3629981891394685e-257 1.826860461303225e-39 0.85 1.4923649852372612e-273 1.435586441231225e-110 4.227144534201663e-26
108.71843982324941 0.14999999999999997 4.098448608116923e-39 8.680564553220872e-54 8.443195118596922e-97 2.2587009825019617e-261 2.107561626164626e-218 3.60977621080794e-255 4.09844860811694e-39 0.85 5.846722522042444e-271 1.6730942887708108e-109 7.451268959163772e-26
109.51843982324941 0.14999999999999997 9.086786034588532e-39 2.9470975476104486e-53 7.134469906690994e-96 5.172565068667917e-259 2.2146806306285954e-216 8.817606744451861e-253 9.086786034588587e-39 0.85 2.1011786715001562e-268 1.8821548863518716e-108 1.3025695527420888e-25
110.31843982324942 0.14999999999999997 1.9915960019121243e-38 9.831296628620432e-53 5.846943110470678e-95 1.0956480001781746e-256 2.176495102154257e-214 1.990652280527788e-250 1.991596001912144e-38 0.85 6.942014838987214e-266 2.0455146157655155e-107 2.2590048870636164e-25
111.11843982324942 0.14999999999999997 4.3162379529535127e-38 3.2238590947837786e-52 4.6506952337873663e-94 2.1504579545304212e-254 2.0035177449338894e-212 4.161080202116777e-248 4.3162379529535806e-38 0.85 2.1126572648550734e-263 2.149312324441712e-106 3.887734664661169e-25
111.91843982324941 0.14999999999999997 9.251871502423373e-38 1.0395754691298029e-51 3.5926610169447894e-93 3.917544616900224e-252 1.7299977020503547e-210 8.067166215797107e-246 9.251871502423575e-38 0.85 5.933110715564517e-261 2.185069424939506e-105 6.641008816276633e-25
112.71843982324941 0.14999999999999997 1.961898207916594e-37 3.2976771595623355e-51 2.6971029022027034e-92 6.634620755372825e-250 1.4031802512608315e-208 1.4529276021340794e-243 1.96189820791666e-37 0.85 1.540269571484475e-258 2.150829294598323e-104 1.1261880566153163e-24
113.51843982324942 0.14999999999999997 4.116661448171951e-37 1.0293991057589558e-50 1.968906199246101e-91 1.0461857316132664e-247 1.070468575110326e-206 2.4347426092088267e-241 4.116661448172154e-37 0.85 3.7024984315734805e-256 2.0512452391927285e-103 1.8962711189765024e-24
114.31843982324942 0.14999999999999997 8.549323638891136e-37 3.1632202285838415e-50 1.3984714525338086e-90 1.5383047309482657e-245 7.691047134135229e-205 3.8019353406974503e-239 8.549323638891773e-37 0.85 8.254231350652783e-254 1.89664967023037e-102 3.1708120195153806e-24
115.11843982324942 0.14999999999999997 1.7576387894947086e-36 9.571657249795604e-50 9.67008988836101e-90 2.1122637470029622e-243 5.210629400869071e-203 5.540335525313015e-237 1.7576387894948997e-36 0.85 1.7093105418033155e-251 1.701348227225242e-101 5.2660537336910916e-24
115.91843982324941 0.14999999999999997 3.57791059076607e-36 2.85295507089395e-49 6.513223206542113e-89 2.712311338111994e-241 3.3328421236260826e-201 7.54511865619931e-235 3.577910590766641e-36 0.85 3.292968289468554e-249 1.4815172658997963e-100 8.687727092871652e-24
116.71843982324941 0.14999999999999997 7.213059876044833e-36 8.378899621663094e-49 4.275466426654504e-88 3.261467088413902e-239 2.014982143840943e-199 9.616046871707226e-233 7.213059876046513e-36 0.85 5.910411511674723e-247 1.2531152534028998e-99 1.4239418355733608e-23
117.51843982324942 0.14999999999999997 1.440408234544605e-35 2.425458272733243e-48 2.7366564428536455e-87 3.677465990924165e-237 1.1528096812554652e-197 1.1484521965592043e-230 1.44040823454509e-35 0.85 9.8977229893301e-245 1.0301543871075195e-98 2.3189996932692072e-23
118.31843982324942 0.14999999999999997 2.8497787479126495e-35 6.922171589165088e-48 1.7089419181375838e-86 3.893238121695706e-235 6.248252061856326e-196 1.2870180783719932e-228 2.8497787479140345e-35 0.85 1.548628357748172e-242 8.235498724303105e-98 3.753072294915707e-23
119.11843982324942 0.14999999999999997 5.586983977040243e-35 1.9483016904098035e-47 1.041644774563993e-85 3.874799080885602e-233 3.2117780667014195e-194 1.3550832614797984e-226 5.58698397704414e-35 0.85 2.266961326706892e-240 6.406139446769033e-97 6.036772557325633e-23
119.91843982324943 0.14999999999999997 1.0855842227523029e-34 5.4094812176857525e-47 6.200213345548754e-85 3.6299276747883513e-231 1.5673917434890796e-192 1.34213559819475e-224 1.085584222753385e-34 0.85 3.108858368357209e-238 4.85129766264e-96 9.651764090137978e-23
120.71843982324943 0.14999999999999997 2.0909633581102194e-34 1.4820323335796448e-46 3.6057207665009527e-84 3.204629424762072e-229 7.269448320072158e-191 1.2519906804747063e-222 2.0909633581131834e-34 0.85 3.99923956557125e-236 3.578528042628029e-95 1.5340641762399885e-22
121.51843982324942 0.14999999999999997 3.993016349655419e-34 4.007526521444415e-46 2.0496252644599483e-83 2.6692886367373993e-227 3.2073939849060762e-189 1.1012641204235511e-220 3.9930163496634356e-34 0.85 4.8319074023345524e-234 2.5725260385071725e-94 2.4241801851832147e-22
122.31843982324942 0.14999999999999997 7.56137066973215e-34 1.0698498614724704e-45 1.13932344116328e-82 2.1001229553000148e-225 1.347577809858523e-187 9.144619501794482e-219 7.561370669753543e-34 0.85 5.489784726592844e-232 1.8031922627434468e-93 3.8090712859280375e-22
123.11843982324942 0.14999999999999997 1.4200899552151453e-33 2.8203637750680543e-45 6.195809537294677e-82 1.562450084839347e-223 5.396582347675447e-186 7.1764340095999544e-217 1.420089955220785e-33 0.85 5.872251316825512e-230 1.2330014748353571e-92 5.9518665437033795e-22
123.91843982324943 0.14999999999999997 2.6455522955486604e-33 7.343932213903448e-45 3.2976986119172e-81 1.1003940183274577e-221 2.0618130237813603e-184 5.32835697829228e-215 2.645552295563349e-33 0.85 5.920662862862848e-228 8.228703261774022e-92 9.249387815785274e-22
124.71843982324943 0.14999999999999997 4.889557088216892e-33 1.8892790488936475e-44 1.7185590768395532e-80 7.343909724431407e-220 7.5220646267154895e-183 3.7469685800315905e-213 4.889557088254679e-33 0.85 5.633046001038514e-226 5.362250537579577e-91 1.4296943078631437e-21
125.51843982324942 0.14999999999999997 8.966875830961917e-33 4.802944221902517e-44 8.772689414213833e-80 4.64930746569232e-218 2.622792805461876e-181 2.4981456702035155e-211 8.966875831057985e-33 0.85 5.062930297860178e-224 3.413557523029404e-90 2.1983018579293133e-21
126.31843982324943 0.14999999999999997 1.63190691006832e-32 1.206870032925913e-43 4.38819185813147e-79 2.794889104883722e-216 8.747868063448906e-180 1.5806799483490248e-209 1.6319069100924597e-32 0.85 4.3034089886917e-222 2.1237497675985535e-89 3.362697957525143e-21
127.11843982324943 0.14999999999999997 2.9477775898177065e-32 2.9981273919634762e-43 2.1517338194755055e-78 1.5969044222010707e-214 2.793280872437622e-178 9.501345915444002e-208 2.9477775898776695e-32 0.85 3.462820344542345e-220 1.2918801464455997e-88 5.1178338765293105e-21
127.91843982324943 0.14999999999999997 5.285670724972675e-32 7.364936360343605e-43 1.034672629895626e-77 8.68047319460996e-213 8.545842794382195e-177 5.430717319387768e-206 5.285670725119976e-32 0.85 2.640567462647349e-218 7.68680701468827e-88 7.750374246151367e-21
128.71843982324944 0.14999999999999997 9.409596487597042e-32 1.7894009903901615e-42 4.880746403211335e-77 4.493242847055081e-211 2.507079403200481e-175 2.954375660742054e-204 9.409596487954922e-32 0.85 1.9100593740777528e-216 4.475609726502686e-87 1.1679835040411944e-20
129.51843982324942 0.14999999999999997 1.6632800353523713e-31 4.300850041424337e-42 2.259393656284248e-76 2.2167686445261822e-209 7.058146323425663e-174 1.5311095435640832e-202 1.6632800354383894e-31 0.85 1.311899115540175e-214 2.5510216864694607e-86 1.751728151272187e-20
130.31843982324943 0.14999999999999997 2.9197104548406985e-31 1.0228098755120324e-41 1.0267617980165788e-75 1.0432951846022558e-207 1.908318410998825e-172 7.565971924989333e-201 2.919710455045261e-31 0.85 8.563855758178816e-213 1.4239698656241756e-85 2.614870359063731e-20
131.11843982324945 0.14999999999999997 5.090370688448365e-31 2.407207071170855e-41 4.582112455134866e-75 4.6880630768480647e-206 4.9587119056229e-171 3.5679404519702277e-199 5.090370688929809e-31 0.85 5.3180808774220505e-211 7.787123129022437e-85 3.885291881337911e-20
131.91843982324943 0.14999999999999997 8.815523161730556e-31 5.607791049488961e-41 2.0087348141997813e-74 2.0129969922612165e-204 1.2392452264569929e-169 1.6070606456334975e-197 8.815523162852122e-31 0.85 3.144480286072527e-209 4.173532351046139e-84 5.746757633101715e-20
132.71843982324944 0.14999999999999997 1.5166605002315397e-30 1.2933318430397257e-40 8.653253759136913e-74 8.266306589403213e-203 2.9807183403006753e-168 6.919381605658335e-196 1.5166605004902056e-30 0.85 1.7718763221727594e-207 2.1929971490239384e-83 8.462188797207974e-20
133.51843982324942 0.14999999999999997 2.5925166592978482e-30 2.953560843351736e-40 3.6641400647981135e-73 3.2489674888098983e-201 6.904903353010112e-167 2.850182234178668e-194 2.5925166598885593e-30 0.85 9.523172244952122e-206 1.1301424356062408e-82 1.2406154035635903e-19
134.31843982324943 0.14999999999999997 4.403496956033765e-30 6.679990618756327e-40 1.5255733183587375e-72 1.2231598669751824e-199 1.5415508021873057e-165 1.1240612315179256e-192 4.403496957369762e-30 0.85 4.8860492481960156e-204 5.713980918940766e-82 1.8110043245447543e-19
135.11843982324942 0.14999999999999997 7.433026779505732e-30 1.4964911034408472e-39 6.24729421864325e-72 4.4142366060422886e-198 3.318985665531665e-164 4.247690842539529e-191 7.433026782498712e-30 0.85 2.3950670169794887e-202 2.83531295579423e-81 2.632462046588922e-19
135.91843982324943 0.14999999999999997 1.2470196168849233e-29 3.3213405843169816e-39 2.5169530787051274e-71 1.5282178983952682e-196 6.895682665327027e-163 1.5391721033589851e-189 1.2470196175491917e-29 0.85 1.1225571218364161e-200 1.3812189610485822e-80 3.810629814272347e-19
136.7184398232494 0.14999999999999997 2.0795390870856855e-29 7.304064612974555e-39 9.979436997884397e-71 5.079108238614318e-195 1.3833883015166537e-161 5.3519368106114143e-188 2.0795390885464988e-29 0.85 5.034651325313534e-199 6.607889115453663e-80 5.493566438408553e-19
137.51843982324942 0.14999999999999997 3.4474076835647544e-29 1.5918311923897576e-38 3.894980930383374e-70 1.6216983335381537e-193 2.681452894731895e-160 1.7870432193075476e-186 3.4474076867484154e-29 0.85 2.1623792919564548e-197 3.105544744335887e-79 7.88796969849714e-19
138.3184398232494 0.14999999999999997 5.681911264001165e-29 3.4385735263060615e-38 1.4968932662866777e-69 4.977759216245256e-192 5.024741049700164e-159 5.7340704443287185e-185 5.681911270878312e-29 0.85 8.900606306687384e-196 1.4342361715367958e-78 1.128129308096409e-18
139.11843982324942 0.14999999999999997 9.311420950905961e-29 7.363336669827223e-38 5.666014294155339e-69 1.4698492804962195e-190 9.108081512847416e-158 1.7692594379589065e-183 9.311420965632631e-29 0.85 3.513571953610883e-194 6.510904839160698e-78 1.607178888931364e-18
139.9184398232494 0.14999999999999997 1.5173985407633957e-28 1.5633300217137316e-37 2.1128970268000487e-68 4.178053652341455e-189 1.5979248622417952e-156 5.2530365249501415e-182 1.517398543890056e-28 0.85 1.3311553618922084e-192 2.906208852691945e-77 2.280917015635404e-18
140.7184398232494 0.14999999999999997 2.4591615660606366e-28 3.2913154548866053e-37 7.76430854846774e-68 1.1439793351108777e-187 2.7148318641042476e-155 1.5017686099510896e-180 2.4591615726432678e-28 0.85 4.843522961296099e-191 1.2758546950013093e-76 3.224944807808076e-18
141.5184398232494 0.14999999999999997 3.963863924333166e-28 6.872154589703205e-37 2.8122796255554115e-67 3.0191148932540248e-186 4.4691212710137836e-154 4.136625817756044e-179 3.963863938077474e-28 0.85 1.693721446460278e-189 5.5104347208140846e-76 4.542862727487517e-18
142.3184398232494 0.14999999999999997 6.355275028167304e-28 1.4232502115114657e-36 1.0042701195175975e-66 7.684693972807952e-185 7.132210517735991e-153 1.0985270866560098e-177 6.355275056632312e-28 0.85 5.695859744994457e-188 2.342067307633858e-75 6.3761402167196635e-18
143.1184398232494 0.14999999999999997 1.0136141836621665e-27 2.9241088021243788e-36 3.5365648831151857e-66 1.8876487633066917e-183 1.104012618137521e-151 2.814240986695308e-176 1.013614189510384e-27 0.85 1.843297788420482e-186 9.798457619320338e-75 8.917288784319136e-18
143.9184398232494 0.14999999999999997 1.6083169676938683e-27 5.960565083675383e-36 1.2284350897479712e-65 4.477337714823894e-182 1.6584097896661863e-150 6.959156091044481e-175 1.6083169796149983e-27 0.85 5.744161216231011e-185 4.036215134521496e-74 1.2427385614002185e-17
144.71843982324938 0.14999999999999997 2.5390328812826447e-27 1.2056448751721746e-35 4.209790872281478e-65 1.0260612785726826e-180 2.4187601559478094e-149 1.6620716525206634e-173 2.5390329053955444e-27 0.85 1.724735688547949e-183 1.637419823201209e-73 1.725930807441704e-17
145.5184398232494 0.14999999999999997 3.988402600849968e-27 2.420163067208719e-35 1.423648039818117e-64 2.27314294393587e-179 3.426789111304831e-148 3.836085861585575e-172 3.988402649253234e-27 0.85 4.992835833318116e-182 6.543700440275074e-73 2.3888440998481816e-17
146.31843982324938 0.14999999999999997 6.2344639273854784e-27 4.821887746338069e-35 4.751957346610805e-64 4.8710217655009966e-178 4.718255519813527e-147 8.5608019606524e-171 6.23446402382324e-27 0.85 1.3943091400383443e-180 2.576739540599799e-72 3.295313150592996e-17
147.1184398232494 0.14999999999999997 9.698474041855479e-27 9.53651334025982e-35 1.5658932986116128e-63 1.0101548085867383e-176 6.3164993777107525e-146 1.848268349913971e-169 9.698474232585747e-27 0.85 3.75846545012439e-179 1.0000119709451377e-71 4.530781941645793e-17
147.91843982324937 0.14999999999999997 1.50157082249282e-26 1.8724657409272632e-34 5.095203008433419e-63 2.028429622051307e-175 8.225635263226326e-145 3.8625296632264447e-168 1.5015708599421343e-26 0.85 9.784732455833114e-178 3.825859558963933e-71 6.209260089175523e-17
148.71843982324938 0.14999999999999997 2.3139799010080635e-26 3.650399895069308e-34 1.637414180342453e-62 3.9460335017376594e-174 1.0424452689611611e-143 7.81738787291072e-167 2.313979974016061e-26 0.85 2.4615924959642933e-176 1.4432494576626837e-70 8.48240333734202e-17
149.1184398232494 0.14999999999999997 2.8675824096776977e-26 5.083438744802536e-34 2.9218519780201042e-62 1.720124801586029e-173 3.673876860463425e-143 3.475389209967856e-166 2.867582511346474e-26 0.85 1.2191463988839962e-175 2.7886002817492467e-70 9.9025008827801e-17
149.51843982324937 0.14999999999999997 3.5495819684538665e-26 7.0667348643857535e-34 5.198038282640009e-62 7.440539807929467e-173 1.2862193207215476e-142 1.5330345099298026e-165 3.549582109788566e-26 0.85 5.987668243574693e-175 5.369571121719851e-70 1.1551331612935055e-16
149.91843982324937 0.14999999999999997 4.388816720009669e-26 9.806862214030211e-34 9.219615700199148e-62 3.193853247049292e-172 4.473493904929444e-142 6.71014239780418e-165 4.388816916146917e-26 0.85 2.9164756478467574e-174 1.0304175205360776e-69 1.3464277218719523e-16
150.31843982324938 0.14999999999999997 5.420389910057909e-26 1.358618053592132e-33 1.6303791698249156e-61 1.3605608973138603e-171 1.5457618590251924e-141 2.9145335177076997e-164 5.420390181781523e-26 0.85 1.408922142324045e-173 1.9706925951424883e-69 1.5681965049308228e-16
150.71843982324935 0.14999999999999997 6.686984753236145e-26 1.8789992892509546e-33 2.8745980986405722e-61 5.752276043398867e-171 5.306701561487606e-141 1.2562908718376878e-163 6.686985129036003e-26 0.85 6.751057767303288e-173 3.756368055434244e-69 1.8251011842223696e-16
150.91843982324937 0.14999999999999997 7.424209270579435e-26 2.2083417383184366e-33 3.8127808010338406e-61 1.179439831185542e-170 9.808837150702365e-141 2.600850324575673e-163 7.424209712247779e-26 0.85 1.4733100068650815e-172 5.179647501210327e-69 1.9683705816301957e-16
151.1184398232494 0.14999999999999997 8.240445501890503e-26 2.5943203962360737e-33 5.053456376898953e-61 2.4138132643123524e-170 1.8101530292115274e-140 5.374292161458993e-163 8.240446020754583e-26 0.85 3.2087867246678597e-172 7.136289554306897e-69 2.1224868033258584e-16
151.31843982324938 0.14999999999999997 9.143916783363848e-26 3.0464869561536427e-33 6.692963173562863e-61 4.9308763242132765e-170 3.335190972626865e-140 1.1084373690709892e-162 9.143917392661237e-26 0.85 6.974538128272526e-172 9.82395416905148e-69 2.2882404661932895e-16
151.51843982324937 0.14999999999999997 1.014367662647573e-25 3.5759722125398696e-33 8.857941895968261e-61 1.0054032837729577e-169 6.135309805702556e-140 2.281855954368651e-162 1.0143677341670172e-25 0.85 1.5129388738894243e-171 1.3512733318990254e-68 2.4664775582404576e-16
151.71843982324938 0.14999999999999997 1.1249689909085895e-25 4.195741846251303e-33 1.1714747599236218e-60 2.0462344939804178e-169 1.1268481035139336e-139 4.688734733626104e-162 1.1249690748234272e-25 0.85 3.2753827090355787e-171 1.8571393719846143e-68 2.6581031563755237e-16
151.9184398232494 0.14999999999999997 1.247292174827159e-25 4.920892784303085e-33 1.5481748019152024e-60 4.15692857475443e-169 2.0663793269800406e-139 9.616491396004298e-162 1.2472922732450155e-25 0.85 7.07686406542974e-171 2.550301900912917e-68 2.864085382887229e-16
152.1184398232494 0.14999999999999997 1.3825434756917217e-25 5.7689964339838794e-33 2.044538202316704e-60 8.429366023415155e-169 3.783321026782536e-139 1.9686764115097946e-161 1.3825435910716517e-25 0.85 1.526023276362893e-170 3.499337920187354e-68 3.085459615242713e-16
152.31843982324938 0.14999999999999997 1.532049544794547e-25 6.760496047725147e-33 2.69811130470905e-60 1.7061828207449261e-168 6.916039859250175e-139 4.0228318238945504e-161 1.5320496800044698e-25 0.85 3.284175206504395e-170 4.7976519705557614e-68 3.3233329646658464e-16
152.5184398232494 0.14999999999999997 1.6972690617187176e-25 7.919166573960372e-33 3.558075044840727e-60 3.447209016868188e-168 1.2623087329166345e-138 8.205260858817878e-161 1.697269220102052e-25 0.85 7.054068450899333e-170 6.5723629307363e-68 3.5788890398562085e-16
152.6184398232494 0.14999999999999997 1.786266410012842e-25 8.569660869593321e-33 4.0848591032333145e-60 4.896584400110965e-168 1.7043818089473587e-138 1.1710481132798396e-160 1.7862665814060615e-25 0.85 1.033065732042341e-169 7.690190352609568e-68 3.7136901348686104e-16
152.7184398232494 0.14999999999999997 1.879805460866951e-25 9.272646610696394e-33 4.6888049152470166e-60 6.952220156439644e-168 2.3003829273073822e-138 1.6705481360918548e-160 1.8798056463198841e-25 0.85 1.5121836296097754e-169 8.996335392498186e-68 3.8533930131547446e-16
152.8184398232494 0.14999999999999997 1.9781115438075934e-25 1.0032283196327084e-32 5.381093036467566e-60 9.866387619340652e-168 3.103599344889406e-138 2.3820207763290197e-160 1.9781117444532584e-25 0.85 2.212431388337997e-169 1.0522219354865675e-67 3.9981694493092883e-16
152.9184398232494 0.14999999999999997 2.0814208445022072e-25 1.0853053526195231e-32 6.174506361730582e-60 1.3995795847291444e-167 4.185658239293258e-138 3.394960900786217e-160 2.081421061563278e-25 0.85 3.2353718612738796e-169 1.2304455456508304e-67 4.148197007460191e-16
153.0184398232494 0.14999999999999997 2.1899809120325204e-25 1.1739788684705437e-32 7.08365722206113e-60 1.9844591953334003e-167 5.642801891015647e-138 4.8364541372637553e-160 2.1899811468282958e-25 0.85 4.728987002875387e-169 1.4385698303997926e-67 4.303659228523029e-16
153.1184398232494 0.14999999999999997 2.304051189124811e-25 1.2697694471865712e-32 8.125246306555236e-60 2.81249835018126e-167 7.604297365516227e-138 6.88688481075098e-160 2.304051443078702e-25 0.85 6.908789638744272e-169 1.6815630980428305e-67 4.464745823252468e-16
153.2184398232494 0.14999999999999997 2.423903566341669e-25 1.373237991648778e-32 9.318357818355276e-60 3.984265645300273e-167 1.0243702455030668e-137 9.802173717798742e-160 2.4239038409892676e-25 0.85 1.0088489785863603e-168 1.9652111809507137e-67 4.631652871262122e-16
153.3184398232494 0.14999999999999997 2.5498229612823735e-25 1.4849887916831264e-32 1.0684795877684522e-59 5.641707707967172e-167 1.3793952246151044e-137 1.3945246095710805e-159 2.5498232582801327e-25 0.85 1.472451826348711e-168 2.2962506368091673e-67 4.804583026188904e-16
153.4184398232494 0.14999999999999997 2.6821079238831246e-25 1.6056728164254257e-32 1.2249467870441125e-59 7.985084915671562e-167 1.8567554345753172e-137 1.9830541018309327e-159 2.682108245017692e-25 0.85 2.148063839524177e-168 2.682523437167618e-67 4.983745727182883e-16
153.51843982324942 0.14999999999999997 2.821071268954379e-25 1.735991251657426e-32 1.4040821219038056e-59 1.1296802423665942e-166 2.4983612446298517e-137 2.818693892013876e-159 2.8210716161526326e-25 0.85 3.132166432621822e-168 3.133156574666867e-67 5.169357416908788e-16
153.61843982324942 0.14999999999999997 2.9670407371403185e-25 1.8766992999766097e-32 1.6091340935385116e-59 1.5974929107740475e-166 3.3603973350394086e-137 4.004668906604144e-159 2.9670411124801835e-25 0.85 4.564933324561842e-168 3.658770562727261e-67 5.36164176625043e-16
153.7184398232494 0.14999999999999997 3.1203596855353016e-25 2.028610262938017e-32 1.8438116318148067e-59 2.258032205189981e-166 4.518155941518353e-137 5.687102352171754e-159 3.1203600912573577e-25 0.85 6.649919834305596e-168 4.2717214287305985e-67 5.560829905914726e-16
153.8184398232494 0.14999999999999997 3.281387809243889e-25 2.1925999256713787e-32 2.1123486293539684e-59 3.1902850048369005e-166 6.072496990073919e-137 8.072751362853841e-159 3.281388247763876e-25 0.85 9.68258116440448e-168 4.9863815269714565e-67 5.767160665137461e-16
153.9184398232494 0.14999999999999997 3.450501895224939e-25 2.3696112659369453e-32 2.419577418883163e-59 4.505441591375331e-166 8.158479498958663e-137 1.1454037160209143e-158 3.4505023691471946e-25 0.85 1.4091559150168509e-167 5.819465336035051e-67 5.980880817698566e-16
154.01843982324942 0.14999999999999997 3.6280966098162693e-25 2.560659511145405e-32 2.7710124190819718e-59 6.359956517746151e-166 1.0956889695088726e-136 1.6244354266663047e-158 3.628097121948174e-25 0.85 2.04984260121717e-167 6.790407374245036e-67 6.202245335460485e-16
154.11843982324942 0.14999999999999997 3.8145853213947493e-25 2.766837568537931e-32 3.1729453400580013e-59 8.973878810474045e-166 1.4709632230142461e-136 2.302785804698341e-158 3.8145858747622653e-25 0.85 2.9804095391069004e-167 7.92180048654986e-67 6.431517649649042e-16
154.2184398232494 0.14999999999999997 4.01040095968728e-25 2.9893218555092144e-32 3.6325535276982285e-59 1.265656617378513e-165 1.9740271361323345e-136 3.2629636393949347e-158 4.010401557551654e-25 0.85 4.3313745004574695e-167 9.239904049884074e-67 6.668969920102516e-16
154.31843982324943 0.14999999999999997 4.215996913311217e-25 3.2293785589671544e-32 4.158023239393513e-59 1.7842742017218461e-165 2.6481435084851192e-136 4.621456779180232e-158 4.215997559186938e-25 0.85 6.291732982582752e-167 1.077523313839092e-66 6.914883312720624e-16
154.41843982324943 0.14999999999999997 4.431847967188445e-25 3.4883703546661955e-32 4.758689885341942e-59 2.5143033464956974e-165 3.551136159124597e-136 6.542653169649858e-158 4.431848664862529e-25 0.85 9.135030109581563e-167 1.256324141572961e-66 7.169548285351724e-16
154.51843982324942 0.14999999999999997 4.658451281545447e-25 3.7677636196359074e-32 5.445197543553948e-59 3.541477540242687e-165 4.76026199379572e-136 9.25843565386578e-158 4.658452035098186e-25 0.85 1.3256999190186368e-166 1.4645112514499845e-66 7.433264882362996e-16
154.61843982324942 0.14999999999999997 4.896327414282831e-25 4.069136173162179e-32 6.229680367049963e-59 4.986116445166939e-165 6.3787036316287495e-136 1.309575091645033e-157 4.896328228110079e-25 0.85 1.922987300837364e-166 1.706867696346301e-66 7.706343038145242e-16
154.66843982324943 0.14999999999999997 5.019662121459929e-25 4.228590256309778e-32 6.66291202978449e-59 5.915351404262831e-165 7.382824931425978e-136 1.5572391825799982e-157 5.019662967177997e-25 0.85 2.3156110297467645e-166 1.8425616807927783e-66 7.846492336136134e-16
154.73326643306953 0.14999999999999997 5.184082968010461e-25 4.444504446679145e-32 7.269309053217957e-59 7.381367263420341e-165 8.922354762253113e-136 1.9490186826060492e-157 5.184083856911368e-25 0.85 2.9458187580491093e-166 2.0345320531891384e-66 8.031870755703231e-16
154.81731621988487 0.14999999999999997 5.405088050109635e-25 4.7406504999401325e-32 8.137547723576976e-59 9.833063507420736e-165 1.1403215406980818e-135 2.6065014416668817e-157 5.405088998239755e-25 0.85 4.0236380565101535e-166 2.313227147002775e-66 8.278528636047806e-16
154.86731621988488 0.14999999999999997 5.540886733279645e-25 4.925941556592848e-32 8.701988118286134e-59 1.1660575993343727e-164 1.3193411774634331e-135 3.0980887702736836e-157 5.54088771846798e-25 0.85 4.8429062357952596e-166 2.4966486314113136e-66 8.428717024251146e-16
154.932142829705 0.14999999999999997 5.721910630561348e-25 5.17681347579488e-32 9.491885891775258e-59 1.4542332092701282e-164 1.5936992079076035e-135 3.875339242717591e-157 5.721911665924069e-25 0.85 6.157221996325971e-166 2.75608364593363e-66 8.62736461452876e-16
155.01619261652033 0.14999999999999997 5.965209925501755e-25 5.520858036540882e-32 1.0622577036683355e-58 1.935853570222328e-164 2.0355666328574873e-135 5.17886681875771e-157 5.965211029673386e-25 0.85 8.40347528675073e-166 3.1326142362281515e-66 8.891661184803083e-16
155.06619261652034 0.14999999999999997 6.11469503630162e-25 5.736090470369003e-32 1.1357473431388419e-58 2.2946547835677442e-164 2.3542651251596463e-135 6.15293495925223e-157 6.114696183519737e-25 0.85 1.0109852310564966e-165 3.3803630721343086e-66 9.052580490833693e-16
155.58480549508116 0.14999999999999988 7.897004942294832e-25 8.516773632661344e-32 2.267445478658979e-58 1.330186676134882e-163 1.058560135375694e-134 3.6529500846338917e-156 7.897006645649583e-25 0.85 6.831589955054638e-165 7.423578148065517e-66 1.0896556243831437e-15
155.63480549508114 0.14999999999999988 8.093449013114709e-25 8.846379978514575e-32 2.423155208332628e-58 1.5747961354830506e-163 1.2230161863179477e-134 4.3346780770933243e-156 8.09345078239073e-25 0.85 8.207984905200881e-165 8.00635713512233e-66 1.1092394507307086e-15
155.69963210490124 0.14999999999999988 8.355243150272982e-25 9.292456991121227e-32 2.6408996757816496e-58 1.9598025480210317e-163 1.4746447014810137e-134 5.410490680590412e-156 8.355245008764404e-25 0.85 1.0411539019961444e-164 8.829960629963984e-66 1.1351372599681608e-15
155.74165699830894 0.14999999999999988 8.52934270458388e-25 9.59337496358283e-32 2.79229805250439e-58 2.2581266494786876e-163 1.6646649236355566e-134 6.246110736253055e-156 8.529344623258897e-25 0.85 1.214568440033847e-164 9.408212133439932e-66 1.152236969140536e-15
156.1775500171363 0.14999999999999972 1.0556797400864669e-24 1.3338322876196558e-31 4.969590953362326e-58 9.774667332377782e-163 5.830059783768429e-134 2.758171876871368e-155 1.0556800068529276e-24 0.85 5.974859085263816e-164 1.8129857820262126e-65 1.3449293778494461e-15
156.9775500171363 0.14999999999999927 1.55662556836688e-24 2.430857174585886e-31 1.4199288867132094e-57 1.4092359970144404e-161 5.7145454897615335e-133 4.123825337456646e-154 1.5566260545383178e-24 0.8500000000000011 1.0875157749647641e-162 5.987489811785223e-65 1.7825521418714034e-15
157.7775500171363 0.1499999999999987 2.286327378655921e-24 4.403760386272424e-31 4.015015598054634e-57 1.978461757854784e-160 5.4752121839894325e-132 6.002319133830617e-153 2.286328259408001e-24 0.8500000000000016 1.9234815193763088e-161 1.9542231023513132e-64 2.3562339226309538e-15
158.57755001713628 0.14999999999999802 3.345188697327479e-24 7.931092326501287e-31 1.123700543586083e-56 2.705900653667729e-159 5.129563839278239e-131 8.508545198168763e-152 3.345190283545947e-24 0.8500000000000023 3.30724352673605e-160 6.304625625100632e-64 3.1063124316512682e-15
159.3775500171363 0.149999999999997 4.875912663038217e-24 1.4201221500471325e-30 3.113316794181781e-56 3.6066695881892605e-158 4.700739172954956e-130 1.1751162170234954e-150 4.875915503282519e-24 0.8500000000000035 5.530359105195445e-159 2.0108309619688194e-63 4.0845034146659886e-15
160.1775500171363 0.14999999999999578 7.080581959666888e-24 2.5283621969828754e-30 8.54025300267115e-56 4.686815696772996e-157 4.2150344129659796e-129 1.5818449804213553e-149 7.080587016391282e-24 0.8500000000000051 8.997649839406145e-158 6.341569027041396e-63 5.356946249769465e-15
160.97755001713628 0.14999999999999422 1.0244337683833866e-23 4.476210930253163e-30 2.319833913630782e-55 5.940045617250693e-156 3.6993508744713114e-128 2.0762018665562124e-148 1.0244346636255723e-23 0.8500000000000068 1.4248510121791594e-156 1.9778580612859446e-62 7.008020865562549e-15
161.77755001713626 0.14999999999999206 1.4768092067945084e-23 7.880894571237191e-30 6.240861662873642e-55 7.345176329612078e-155 3.1788991998962692e-127 2.658027677694503e-147 1.4768107829734223e-23 0.8500000000000086 2.197085604553992e-155 6.101571017364703e-62 9.145120161449045e-15
162.57755001713628 0.14999999999998928 2.1213566222048785e-23 1.3799697120875044e-29 1.6630115532738284e-54 8.864866977960028e-154 2.6754048928133153e-126 3.3204138934445956e-146 2.1213593821443014e-23 0.8500000000000115 3.300128260738311e-154 1.862112411949719e-61 1.1904603410713668e-14
163.3775500171363 0.1499999999999858 3.0365086556533146e-23 2.4034069171303446e-29 4.390048961145469e-54 1.044608881005889e-152 2.2059510005924679e-125 4.048770764228027e-145 3.036513462467148e-23 0.8500000000000151 4.830441639440421e-153 5.6228430939334554e-61 1.5459206078379344e-14
164.17755001713627 0.1499999999999813 4.331409303127397e-23 4.1637318584564106e-29 1.148222401940297e-53 1.2022579196220813e-151 1.782482484930638e-124 4.8206412950266435e-144 4.331417630591114e-23 0.8500000000000199 6.892514401307859e-152 1.6801912829366371e-60 2.0027241774009563e-14
164.97755001713625 0.14999999999997546 6.157432674680861e-23 7.175781665340436e-29 2.975933658756432e-53 1.351923288505402e-150 1.4119025142055821e-123 5.60643227399331e-143 6.157447026244194e-23 0.850000000000026 9.590976997211745e-151 4.9691229224269484e-60 2.588400467058357e-14
165.77755001713626 0.1499999999999679 8.723832638455214e-23 1.2303236561472223e-28 7.6439521519983175e-53 1.4858059707985474e-149 1.0966263931913635e-122 6.371109578733596e-142 8.723857244928341e-23 0.8500000000000336 1.3019634036424215e-149 1.4547330381717183e-59 3.337586799188102e-14
166.57755001713628 0.14999999999995833 1.2318936986829232e-22 2.0987720984568375e-28 1.946103690987937e-52 1.596504661882193e-148 8.354285885138857e-122 7.076753827012735e-141 1.2318978962271203e-22 0.8500000000000433 1.724800655734872e-148 4.216309503589263e-59 4.2937678848342835e-14
167.37755001713626 0.14999999999994618 1.733876033323049e-22 3.5623647127219743e-28 4.911589341357927e-52 1.6777065627460772e-147 6.2441941948792705e-121 7.685721949861493e-140 1.7338831580524745e-22 0.850000000000056 2.2306619879291676e-147 1.2100105437034317e-58 5.511417500435026e-14
168.17755001713624 0.14999999999993077 2.4325513007472177e-22 6.016854561281567e-28 1.2289660632374483e-51 1.724791340981768e-146 4.5801255869951596e-120 8.164041186502128e-139 2.4325633344563407e-22 0.8500000000000711 2.81728654742214e-146 3.4388562073740176e-58 7.058629885517765e-14
168.97755001713625 0.14999999999991112 3.401927049545066e-22 1.0113208116922503e-27 3.049103760296678e-51 1.7352670020628503e-145 3.29782452011279e-119 8.484600570657981e-138 3.4019472759613035e-22 0.8500000000000907 3.475966312336517e-145 9.67980540709812e-58 9.020346237891037e-14
169.77755001713626 0.14999999999988622 4.742709272441588e-22 1.69171174382606e-27 7.501890106091543e-51 1.708980659818756e-144 2.3315242766385966e-118 8.629716334179212e-137 4.742743106676468e-22 0.8500000000001158 4.190921677878021e-144 2.6990158027851155e-57 1.15023029235839e-13
170.57755001713625 0.14999999999985486 6.591521250560227e-22 2.8165074767894565e-27 1.8305690551763322e-50 1.6480808837464595e-143 1.618920503081874e-117 8.592731816444081e-136 6.591577580709769e-22 0.8500000000001471 4.939380568855538e-143 7.45568877982732e-57 1.4635853248260393e-13
171.37755001713623 0.14999999999981545 9.13316337243675e-22 4.6673585996430855e-27 4.430658296422883e-50 1.5567449236770892e-142 1.1043154355197136e-116 8.378454086103708e-135 9.133256719608758e-22 0.8500000000001864 5.692477299013136e-142 2.040656689727968e-56 1.858384454815752e-13
172.17755001713624 0.14999999999976588 1.2616870126504077e-21 7.699015762704483e-27 1.063814720292231e-49 1.4407168249661544e-141 7.402009149461261e-116 8.002401424208271e-134 1.261702410681935e-21 0.8500000000002357 6.416975496814878e-141 5.534867214462656e-56 2.354776775532102e-13
172.97755001713625 0.14999999999970362 1.7377806355064245e-21 1.2642430305851256e-26 2.5341207417777848e-49 1.3067256025583091e-140 4.876405071896333e-115 7.489005577743512e-133 1.737805920367038e-21 0.8500000000002984 7.077691263020809e-140 1.4878316210304088e-55 2.977643840404653e-13
173.77755001713624 0.1499999999996256 2.386541178789253e-21 2.0667325653357552e-26 5.989620042199778e-49 1.1618629272066209e-139 3.1582498949936885e-114 6.869049818863754e-132 2.386582513440562e-21 0.8500000000003767 7.640371787542832e-139 3.9642672793342736e-55 3.757651734744073e-13
174.57755001713622 0.14999999999952812 3.268067255072474e-21 3.3637436529791663e-26 1.4048441089283404e-48 1.0129967012192879e-138 2.011364301315033e-113 6.176706423598631e-131 3.268134529945537e-21 0.8500000000004744 8.07469514553473e-138 1.0470969982206251e-54 4.73252374841511e-13
175.37755001713623 0.14999999999940652 4.462499794482714e-21 5.450953135648591e-26 3.270086761211729e-48 8.662825812598902e-138 1.2598870850717e-112 5.446555799763316e-130 4.46260881354543e-21 0.8500000000005963 8.357018249136852e-137 2.7420607884904025e-54 5.948577098247519e-13
176.17755001713624 0.14999999999925512 6.076414425703428e-21 8.795459503064617e-26 7.555048563123517e-48 7.26813888876747e-137 7.763658648451181e-112 4.7109279281579317e-129 6.076590334893492e-21 0.8500000000007478 8.47252167120439e-136 7.120062900554481e-54 7.462575147247921e-13
176.97755001713622 0.1499999999990669 8.251159695899242e-21 1.4132085709496645e-25 1.732630076022136e-47 5.9842613957730016e-136 4.707503579945231e-111 3.9978196422925694e-128 8.251442337613443e-21 0.8500000000009359 8.416479853217616e-135 1.8333976920071302e-53 9.343955933880629e-13
177.7775500171362 0.14999999999883354 1.1173705091376341e-20 2.2612068823704698e-25 3.9446458060859945e-47 4.83650012724009e-135 2.809299571264124e-110 3.329529536652958e-127 1.1174157332752815e-20 0.8500000000011696 8.194508871496896e-134 4.682138522103918e-53 1.1677508774429524e-12
178.57755001713622 0.14999999999854466 1.509071802239011e-20 3.603170881905408e-25 8.916326365314659e-47 3.837892501276073e-134 1.6503674514042453e-109 2.7220381261200685e-126 1.5091438656566494e-20 0.8500000000014589 7.821788712632143e-133 1.1860263416482654e-52 1.4566583481459472e-12
179.37755001713623 0.14999999999818756 2.0326784560727492e-20 5.718257757239004e-25 2.0011568378579476e-46 2.9908944429526648e-133 9.546162177400424e-109 2.1850630586824345e-125 2.0327928212278934e-20 0.8500000000018163 7.321396729990047e-132 2.980257856849809e-52 1.8136931633458878e-12
180.1775500171362 0.14999999999774707 2.730793469308213e-20 9.03858116141665e-25 4.459993617013864e-46 2.289601420935074e-132 5.437900319956795e-108 1.7226500839430972e-124 2.73097424093144e-20 0.8500000000022566 6.721999739011697e-131 7.429659163875654e-52 2.254129665622046e-12
180.9775500171362 0.14999999999720484 3.659194138843839e-20 1.4230409669051756e-24 9.871548353170094e-46 1.7221509285489802e-131 3.0512307733273276e-107 1.3341249847879089e-123 3.659478747037218e-20 0.850000000002799 6.055217304741362e-130 1.83774307780622e-51 2.7964889601313608e-12
181.7775500171362 0.14999999999653807 4.8907248862004737e-20 2.2317096037251723e-24 2.1700689428978792e-45 1.2730201039132015e-130 1.6867307862181995e-106 1.0152278692341521e-122 4.891171228121214e-20 0.8500000000034656 5.3529813947720695e-129 4.5107222680176413e-51 3.46319108471347e-12
