Temp Th_NH3 Th_NH2 Th_NH Th_N Th_NN Th_NNH Th_N2 Th_H Th P_N2 P_H2 P_NH3
100.0 0.45 0.0 0.0 0.0 0.0 0.0 0.0 0.0 0.55 0.0 0.0 0.0
100.0001 0.45 1.0659519588646834e-51 2.451310103161697e-74 7.555463156168286e-132 -0.0 3.483863634121834e-287 -0.0 1.0659519588646834e-51 0.5499999999999995 -0.0 3.5905563290454874e-144 4.40773382993004e-31
100.0003167876479 0.45000000000000007 3.3772813875368896e-51 2.4604541015256443e-73 2.4028676658253753e-130 0.0 3.524028948195789e-284 0.0 3.3772813875368896e-51 0.5499999999999993 0.0 1.1419467439191994e-142 1.3964316049487294e-30
100.0010392026309 0.4500000000000002 1.1084185588268446e-50 2.6494007509461733e-72 8.493223248175308e-129 -0.0 4.4041368364643423e-281 -0.0 1.1084185588268446e-50 0.5499999999999993 -0.0 4.0368228190901585e-141 4.582177093918556e-30
100.00803706958655 0.45000000000000023 8.611607160773837e-50 1.594205325054214e-70 3.9770763330605325e-126 -0.0 9.686378414528063e-276 -0.0 8.611607160773837e-50 0.5499999999999993 -0.0 1.8924650647633507e-138 3.553319415992911e-29
100.07214005563903 0.45000000000000034 8.062295255496741e-49 1.3573250154427917e-68 3.218195115791335e-123 -0.0 6.522120050346591e-270 1.4e-322 8.062295255496741e-49 0.5499999999999993 -0.0 1.547881336333801e-135 3.269092899176784e-28
100.69309086426176 0.45000000000000046 1.1975293649383302e-47 2.210165409805295e-66 8.974311269511149e-120 3.5e-323 6.722027091838217e-263 2.481523608e-314 1.1975293649383302e-47 0.5499999999999993 -0.0 4.904748642972836e-132 4.0254575869679154e-27
101.49309086426176 0.45000000000000057 4.840318502349384e-47 2.3255159318398943e-65 4.520979212891208e-118 3.8193e-319 2.4834157390916144e-259 4.3024360152386e-310 4.840318502349384e-47 0.5499999999999993 0.0 3.0898743861120605e-130 1.2220725217861828e-26
102.29309086426177 0.45000000000000057 1.4855630133728151e-46 1.363284030378147e-64 9.46823629361636e-117 7.4165061e-316 1.592945064676982e-256 9.70747761695266e-307 1.4855630133728151e-46 0.5499999999999993 2.539e-320 8.508138223640449e-129 2.708315144104722e-26
103.09309086426177 0.45000000000000057 4.196346902676856e-46 6.663881247608605e-64 1.5010000314195785e-115 8.06445073367e-313 5.849196511286251e-254 1.1416525230966199e-303 4.196346902676856e-46 0.5499999999999993 4.4431615e-317 1.8264729107941274e-127 5.379736537341108e-26
103.89309086426177 0.45000000000000057 1.1422086732515593e-45 3.012694970537575e-63 2.101923895021711e-114 6.68957803507964e-310 1.6693371980010775e-251 9.978746899607582e-301 1.1422086732515593e-45 0.5499999999999993 5.590747638e-314 3.510636695199567e-126 1.0139764348377631e-25
104.69309086426176 0.45000000000000057 3.039696284867768e-45 1.3050338413409897e-62 2.7426903133372686e-113 4.712851003606543e-307 4.115704909509054e-249 7.331864668279914e-298 3.039696284867768e-45 0.5499999999999993 5.8195933648544e-311 6.312816759863262e-125 1.85493885170998e-25
105.49309086426176 0.45000000000000057 7.95027164157799e-45 5.488809835878934e-62 3.4035202993916343e-112 2.9388804908406656e-304 9.12768904726264e-247 4.748316637778793e-295 7.95027164157799e-45 0.5499999999999993 5.290623813547349e-308 1.0787767364152136e-123 3.328359372081596e-25
106.29309086426177 0.45000000000000057 2.0478387830706534e-44 2.253251954628863e-61 4.0501727495388214e-111 1.650092370335225e-301 1.8512334794438533e-244 2.763787349320429e-292 2.0478387830706534e-44 0.5499999999999993 4.2949620412407516e-305 1.7627956206244497e-122 5.888951516299576e-25
107.09309086426177 0.45000000000000057 5.199779303191382e-44 9.049125378682739e-61 4.638843343770151e-110 8.407423709812253e-299 3.459063219223377e-242 1.4585390304622503e-289 5.199779303191382e-44 0.5499999999999993 3.1445314277852365e-302 2.762287909536816e-121 1.0303596848803495e-24
107.89309086426177 0.45000000000000057 1.3022248736772152e-43 3.5593232857141665e-60 5.1234435933522e-109 3.90387546211589e-296 5.977816495768359e-240 7.011170147635043e-287 1.3022248736772152e-43 0.5499999999999993 2.0870272922938843e-299 4.157506208820198e-120 1.785571519681698e-24
108.69309086426176 0.45000000000000057 3.2178660578440594e-43 1.3721489182699328e-59 5.463282811793731e-108 1.6567156907459264e-293 9.578711081509034e-238 3.0791165918220115e-284 3.2178660578440594e-43 0.5499999999999993 1.2597711585945079e-296 6.017141356342545e-119 3.0677041081642423e-24
109.49309086426177 0.45000000000000057 7.848237962486542e-43 5.18729895625654e-59 5.629714908833768e-107 6.440363031503345e-291 1.4259485747706787e-235 1.2383456579627341e-281 7.848237962486534e-43 0.5499999999999993 6.93316717217279e-294 8.382123072697515e-118 5.228231420224435e-24
110.29309086426177 0.45000000000000057 1.889849322104404e-42 1.9239259227996204e-58 5.610593971076866e-106 2.2980702289157398e-288 1.975509370501533e-233 4.570133257081434e-279 1.8898493221044036e-42 0.5499999999999993 3.4865008856071945e-291 1.1248625502123116e-116 8.8424854858609e-24
111.09309086426177 0.45000000000000057 4.494222613830777e-42 7.003699980081831e-58 5.411823929359329e-105 7.541013000126865e-286 2.5510906526917566e-231 1.5506542573495804e-276 4.4942226138307785e-42 0.5499999999999993 1.6052283025900384e-288 1.4553945614564871e-115 1.4845606941872208e-23
111.89309086426177 0.45000000000000057 1.055774492773722e-41 2.5034258365092427e-57 5.055894515426467e-104 2.2797975045398637e-283 3.075425309149181e-229 4.84607043873979e-274 1.0557744927737223e-41 0.5499999999999993 6.779560240254842e-286 1.8169297344369585e-114 2.4747098903083884e-23
112.69309086426176 0.45000000000000057 2.4506986284492956e-41 8.789805990473787e-57 4.577915990573125e-103 6.360957230885377e-281 3.4662049395237943e-227 1.397379478255391e-271 2.450698628449298e-41 0.5499999999999993 2.631372786957171e-283 2.190285157395746e-113 4.0967174713434063e-23
113.49309086426177 0.45000000000000057 5.622382625389469e-41 3.032670168247561e-56 4.02012642698327e-102 1.6407572200690326e-278 3.657551090455635e-225 3.724143241633904e-269 5.622382625389478e-41 0.5499999999999993 9.40270101437179e-281 2.551452646520812e-112 6.73605991937473e-23
114.29309086426177 0.45000000000000057 1.27517291696708e-40 1.028564507496408e-55 3.426035652225291e-101 3.9190107383625976e-276 3.618370005003288e-223 9.18843823431838e-267 1.2751729169670816e-40 0.5499999999999993 3.098580744453773e-278 2.874145266014904e-111 1.100273328831389e-22
115.09309086426177 0.45000000000000057 2.8598247023822136e-40 3.4304648283955246e-55 2.835271365263859e-100 8.681870862004121e-274 3.3605030603834063e-221 2.102112782142062e-264 2.8598247023822185e-40 0.5499999999999993 9.432835027037944e-276 3.133037556306891e-110 1.785591664618847e-22
115.89309086426178 0.45000000000000057 6.343544484779114e-40 1.1254852424190017e-54 2.2798736046927354e-99 1.7866113971478585e-271 2.9338000967239605e-219 4.466277197261863e-262 6.343544484779134e-40 0.5499999999999993 2.6570511335141057e-273 3.307129293655031e-109 2.8794510797714833e-22
116.69309086426178 0.45000000000000057 1.3920173405894742e-39 3.633609235102427e-54 1.782361839455375e-98 3.420451325261437e-269 2.4106949019216965e-217 8.826092478427026e-260 1.3920173405894815e-39 0.5499999999999993 6.936260515614392e-271 3.3825982169573832e-108 4.614661806968341e-22
117.49309086426177 0.45000000000000057 3.022543462110048e-39 1.1547565232754587e-53 1.355497034167317e-97 6.101154306247276e-267 1.866702476656987e-215 1.6246667962628972e-257 3.0225434621100707e-39 0.5499999999999993 1.6806972667424326e-268 3.354598645984067e-107 7.350676037959124e-22
118.29309086426177 0.45000000000000057 6.495436203445891e-39 3.6135559271333004e-53 1.0033692145893927e-96 1.0154004780076218e-264 1.3637985600670573e-213 2.7896889471591173e-255 6.495436203445966e-39 0.5499999999999993 3.785688743146867e-266 3.2276868889510497e-106 1.163924406566037e-21
119.09309086426177 0.45000000000000057 1.381790074155831e-38 1.1137967463461579e-52 7.232990631865036e-96 1.5789351002726775e-262 9.411845490123036e-212 4.4745444502794715e-253 1.3817900741558523e-38 0.5499999999999993 7.938287712831227e-264 3.0148482379639763e-105 1.8322453792630432e-21
119.89309086426178 0.45000000000000057 2.9104592136549374e-38 3.38247804199951e-52 5.080414214787289e-95 2.297108121342004e-260 6.142461529301501e-210 6.713256303031501e-251 2.910459213655005e-38 0.5499999999999993 1.5518637701723793e-261 2.735384028642198e-104 2.867831857842794e-21
120.69309086426178 0.45000000000000057 6.070885889603651e-38 1.0123938685203414e-51 3.478784527579033e-94 3.1308476283392297e-258 3.7951923411148376e-208 9.433724213922127e-249 6.070885889603851e-38 0.5499999999999993 2.832221026042505e-259 2.4121192302614503e-103 4.4635805605774266e-21
121.49309086426177 0.45000000000000057 1.2542868894040612e-37 2.9872650310431393e-51 2.3233806171810254e-93 4.002799023849824e-256 2.2223721615461624e-206 1.2432480108129577e-246 1.254286889404121e-37 0.5499999999999993 4.8320746686949534e-257 2.068469586548784e-102 6.909074351747264e-21
122.29309086426179 0.45000000000000057 2.567301905529879e-37 8.692180545790988e-51 1.5142207273087963e-92 4.8065165084902905e-254 1.234659433178499e-204 1.5385142725378404e-244 2.5673019055300534e-37 0.5499999999999993 7.716919017186468e-255 1.7258593134677942e-101 1.0636752690553187e-20
123.09309086426178 0.45000000000000057 5.206802890559333e-37 2.494780406102595e-50 9.634741929622412e-92 5.427392438030728e-252 6.514316886672887e-203 1.7899662179907348e-242 5.206802890559833e-37 0.5499999999999993 1.1550855015856583e-252 1.4018365915843392e-100 1.628904714696111e-20
123.89309086426178 0.45000000000000057 1.0465411726009845e-36 7.064791411166726e-50 5.987890288361794e-91 5.769814192983874e-250 3.267490769406052e-201 1.9602181781700012e-240 1.046541172601126e-36 0.5499999999999993 1.622504691240188e-250 1.1090448262995791e-99 2.48155147404136e-20
124.69309086426178 0.45000000000000057 2.085006311982556e-36 1.9744297556391977e-49 3.6365207131923864e-90 5.781555677668482e-248 1.5595706141400166e-199 2.0229435234155337e-238 2.0850063119829515e-36 0.5499999999999993 2.141348350392969e-248 8.550248712699499e-99 3.761268534794682e-20
125.49309086426177 0.45000000000000057 4.1181037529362525e-36 5.4471382772438275e-49 2.1590735596392834e-89 5.466754254938823e-246 7.090087228591684e-198 1.9695797060909126e-236 4.118103752937342e-36 0.5499999999999993 2.6584757023864725e-246 6.426862766815333e-98 5.672444057199917e-20
126.29309086426179 0.45000000000000057 8.064866556519849e-36 1.483835544223641e-48 1.2537293585462435e-88 4.883077626224825e-244 3.072941297766223e-196 1.8111403461775442e-234 8.064866556522813e-36 0.5499999999999993 3.108304516536642e-244 4.712129979835822e-97 8.512777346808761e-20
127.09309086426178 0.45000000000000057 1.566305341136653e-35 3.9920632705997995e-48 7.123219226770202e-88 4.12479362951828e-242 1.270876450878061e-194 1.5746558980702653e-232 1.566305341137451e-35 0.5499999999999993 3.4264848105629553e-242 3.3715963943773307e-96 1.2713842869029258e-19
127.89309086426178 0.45000000000000057 3.017189810274053e-35 1.0609730914227059e-47 3.9615180263536127e-87 3.2984431157788065e-240 5.019717428944529e-193 1.2957728365327954e-230 3.0171898102761745e-35 0.5499999999999993 3.5652102904056135e-240 2.3553262708276994e-95 1.8898410731977987e-19
128.6930908642618 0.45000000000000057 5.76556321162932e-35 2.786154248988977e-47 2.1574068139945244e-86 2.4995184250228938e-238 1.895191601371932e-191 1.0102412182736482e-228 5.765563211634892e-35 0.5499999999999993 3.505076222545262e-238 1.607148327074177e-94 2.7961085661074314e-19
129.49309086426177 0.45000000000000057 1.0930953882804347e-34 7.230958579349628e-47 1.1509476383928213e-85 1.7967006790829633e-236 6.845210129136607e-190 7.469761377845524e-227 1.0930953882818808e-34 0.5499999999999993 3.259411484902058e-236 1.071612368771983e-93 4.118125608265638e-19
130.29309086426179 0.45000000000000057 2.056431961903498e-34 1.855112550331004e-46 6.017223011238471e-85 1.226275526174564e-234 2.3671908710236682e-188 5.243190501481507e-225 2.0564319619072064e-34 0.5499999999999993 2.86980679508971e-234 6.985206459927462e-93 6.038062235514199e-19
131.0930908642618 0.45000000000000057 3.8394746146014733e-34 4.70565176812211e-46 3.083994475543416e-84 7.954336561809904e-233 7.843989886044391e-187 3.497062308170149e-223 3.8394746146108822e-34 0.5499999999999993 2.394801062092925e-232 4.4530646792432194e-92 8.814197625038276e-19
131.89309086426178 0.45000000000000057 7.11524992649579e-34 1.180412183982408e-45 1.5501155342088028e-83 4.9082211551763087e-231 2.492493935851666e-185 2.2183574488065277e-221 7.115249926519393e-34 0.5499999999999993 1.8958792492404391e-230 2.7774812173476323e-91 1.2811179541777393e-18
132.6930908642618 0.45000000000000057 1.3089640435641975e-33 2.9288629991772943e-45 7.643633179131554e-83 2.883630277727924e-229 7.600681378987272e-184 1.3395904480837594e-219 1.3089640435700552e-33 0.5499999999999993 1.4252379040979114e-228 1.6956085330170822e-90 1.8541706903438255e-18
133.49309086426177 0.45000000000000057 2.390789686796923e-33 7.189536986168073e-45 3.698874138452104e-82 1.6144775098888582e-227 2.225934714870436e-182 7.707392611356106e-218 2.3907896868113034e-33 0.5499999999999993 1.0183585284583387e-226 1.0135572848698414e-89 2.6723719640738826e-18
134.29309086426179 0.45000000000000057 4.335974091565608e-33 1.7463137434303363e-44 1.757188464970673e-81 8.621324339539933e-226 6.265075798034959e-181 4.2287432457926636e-216 4.335974091600534e-33 0.5499999999999993 6.922171551945721e-225 5.934460200042168e-89 3.835855897204705e-18
135.09309086426177 0.45000000000000057 7.809403584476528e-33 4.198016482176819e-44 8.197622263853669e-81 4.394700763251943e-224 1.6958966918269788e-179 2.2143598156299377e-214 7.809403584560488e-33 0.5499999999999993 4.480172531979256e-223 3.404728715452712e-88 5.483737830245457e-18
135.89309086426178 0.45000000000000057 1.3969726475700822e-32 9.989543763219129e-44 3.7567872348864735e-80 2.1401942879073943e-222 4.41803941164427e-178 1.1075776536427697e-212 1.3969726475900614e-32 0.5499999999999993 2.763320679448356e-221 1.9147259464639356e-87 7.808547068350007e-18
136.69309086426176 0.45000000000000057 2.482267095129756e-32 2.3534452331414476e-43 1.6917631954793325e-79 9.965350517045793e-221 1.1084291000343773e-176 5.295866883663347e-211 2.482267095176825e-32 0.5499999999999993 1.625611371918679e-219 1.0558552807753646e-86 1.1075729986440049e-17
137.49309086426177 0.45000000000000057 4.3817764308696884e-32 5.4902858121366344e-43 7.488396362146155e-79 4.440034065051568e-219 2.6799003416271654e-175 2.4225709578367763e-209 4.381776430979497e-32 0.5499999999999993 9.128666262423975e-218 5.711145033888107e-86 1.5649909074287046e-17
138.29309086426176 0.45000000000000057 7.684973527796563e-32 1.2685043741923515e-42 3.2590671474335266e-78 1.8943725755083533e-217 6.24797736908708e-174 1.0610219578180502e-207 7.684973528050269e-32 0.5499999999999993 4.8972372066416686e-216 3.031146739080486e-85 2.2030112092528335e-17
139.09309086426177 0.45000000000000057 1.3392856614391585e-31 2.903134753206265e-42 1.3950154718331e-77 7.745568319985691e-216 1.405534922775489e-172 4.4525098352077106e-206 1.3392856614972227e-31 0.5499999999999993 2.5118183544297747e-214 1.579051799074765e-84 3.089686989382112e-17
139.89309086426175 0.45000000000000057 2.3194759374873475e-31 6.582502566823192e-42 5.874475465756646e-77 3.037148383693397e-214 3.0527436719246404e-171 1.7915745595024575e-204 2.3194759376189978e-31 0.5499999999999993 1.2326816022915136e-212 8.076606009529838e-84 4.317496460633296e-17
140.69309086426176 0.45000000000000057 3.992439922605487e-31 1.478877854818797e-41 2.434354651423602e-76 1.1429110171727667e-212 6.405376211396034e-170 6.917099359223545e-203 3.992439922901265e-31 0.5499999999999993 5.792472465766638e-211 4.0573163844614515e-83 6.011674577587289e-17
141.49309086426175 0.45000000000000057 6.830677674318317e-31 3.2927462001363955e-41 9.929809241508733e-76 4.130421729478891e-211 1.2991455176612417e-168 2.5643359902268114e-201 6.830677674976872e-31 0.5499999999999993 2.6082239877909803e-209 2.0024313438979653e-82 8.341238836219673e-17
142.29309086426176 0.45000000000000057 1.161743063790892e-30 7.26665663607465e-41 3.988000853414853e-75 1.43452144717932e-209 2.5484573814315645e-167 9.134472998768466e-200 1.1617430639362248e-30 0.5499999999999993 1.1261700752947732e-207 9.712109389652299e-82 1.1533532766386546e-16
143.09309086426174 0.45000000000000057 1.9643564828861483e-30 1.589738650063206e-40 1.5773906986515943e-74 4.791140182628307e-208 4.837772148656794e-166 3.128520380169485e-198 1.9643564832040966e-30 0.5499999999999993 4.665999683679026e-206 4.63054594553962e-81 1.5893347748953102e-16
143.49309086426175 0.45000000000000057 2.5488106148583647e-30 2.3438050888595724e-40 3.1194595053439568e-74 2.729111002620996e-207 2.082360547216547e-165 1.804470178517007e-197 2.5488106153271253e-30 0.5499999999999993 2.9581197986767667e-205 1.004710498107992e-80 1.8633519130159743e-16
143.89309086426175 0.45000000000000057 3.302452001374221e-30 3.448215438416577e-40 6.1461463077398686e-74 1.5398127473813022e-206 8.891899764212963e-165 1.0308891279113767e-196 3.302452002063863e-30 0.5499999999999993 1.8564832844245602e-204 2.1708819536939398e-80 2.182798497764213e-16
144.29309086426173 0.45000000000000057 4.2728953854827325e-30 5.062348865099236e-40 1.2064886985012538e-73 8.606151925724419e-206 3.766934153755679e-164 5.833812861601406e-196 4.2728953864951994e-30 0.5499999999999993 1.1535386612193986e-203 4.6712478222790295e-80 2.5549040301388185e-16
144.69309086426173 0.45000000000000057 5.520772644697581e-30 7.41655266792311e-40 2.3596829552882776e-73 4.765170078123462e-205 1.5833040212551256e-163 3.270423500250638e-195 5.520772646180889e-30 0.5499999999999993 7.097026927045989e-203 1.0010269986407839e-79 2.988000080016244e-16
145.09309086426174 0.45000000000000057 7.123186643746737e-30 1.0843061185017093e-39 4.5984043203811986e-73 2.614024415253673e-204 6.603154248919048e-163 1.8163513466572165e-194 7.123186645915347e-30 0.5499999999999993 4.323735121887271e-202 2.136433844266924e-79 3.491680848048485e-16
145.29309086426173 0.45000000000000057 8.08699035412513e-30 1.3100611300481355e-39 6.4105694807675e-73 6.101277719985452e-204 1.344567911884419e-162 4.26566971141204e-194 8.086990356745248e-30 0.5499999999999993 1.0633188408109541e-201 3.116393830840092e-79 3.773378436821193e-16
145.49309086426175 0.45000000000000057 9.178053649874284e-30 1.5820089327894152e-39 8.928873706734641e-73 1.420807854550406e-203 2.7326069714895165e-162 9.994778430886466e-194 9.178053653038299e-30 0.5499999999999993 2.6086468665051735e-201 4.5412803956533384e-79 4.076986025972725e-16
145.69309086426176 0.45000000000000057 1.0412761825080589e-29 1.909435226143785e-39 1.2425359238573902e-72 3.3010861826048465e-203 5.542914167677355e-162 2.3364783677887817e-193 1.0412761828899452e-29 0.5499999999999993 6.3843825567834326e-201 6.611030706259669e-79 4.4041435665293314e-16
145.89309086426175 0.45000000000000057 1.180955572805594e-29 2.303458882311624e-39 1.7275674687046345e-72 7.65225444064743e-203 1.122196980147503e-161 5.449505183416663e-193 1.1809555732662846e-29 0.5499999999999993 1.5587579210527647e-200 9.61449938720467e-79 4.756608898365945e-16
146.09309086426174 0.45000000000000057 1.3389182797068333e-29 2.7773872314904273e-39 2.399807726545367e-72 1.7698522496175853e-202 2.2676362449484473e-161 1.2681281334939632e-192 1.33891828026231e-29 0.5499999999999993 3.7966352722252376e-200 1.3968590426333019e-78 5.136265870626831e-16
146.29309086426176 0.45000000000000057 1.5174977913015257e-29 3.34713891859154e-39 3.330694586506842e-72 4.084169107845665e-202 4.573560311945568e-161 2.944313147947257e-192 1.517497791970954e-29 0.5499999999999993 9.225369150352648e-200 2.027442974847744e-78 5.54513299673609e-16
146.49309086426177 0.45000000000000057 1.719317750987831e-29 4.031746937561155e-39 4.618614006328502e-72 9.403586299218509e-202 9.206944254704558e-161 6.820617003039864e-192 1.7193177517941803e-29 0.5499999999999993 2.236338336208245e-199 2.9397920448671425e-78 5.985372677533088e-16
146.69309086426176 0.45000000000000057 1.9473270769145492e-29 4.8539567552879344e-39 6.398947827331306e-72 2.160281700880812e-201 1.8499501996601496e-160 1.5764714943226207e-191 1.9473270778853407e-29 0.5499999999999993 5.408344285677112e-199 4.2585152155426663e-78 6.459301028065767e-16
146.89309086426175 0.45000000000000057 2.2048392151561081e-29 5.840937156317337e-39 8.857824195044545e-72 4.9517452147451626e-201 3.7101485795548524e-160 3.6355937098414364e-191 2.2048392163242953e-29 0.5499999999999993 1.3048734087046131e-198 6.162758500094932e-78 6.96939834568451e-16
146.99309086426177 0.45000000000000057 2.3458046572089922e-29 6.406120750953915e-39 1.0418252393710115e-71 7.490657665978148e-201 5.2505281909361134e-160 5.51640601297879e-191 2.3458046584902164e-29 0.5499999999999993 2.025061258791459e-198 7.410967617873016e-78 7.238833082793844e-16
147.09309086426177 0.45000000000000057 2.495575999296522e-29 7.02512464477254e-39 1.225091886630874e-71 1.1325072782478727e-200 7.426986070226973e-160 8.36556488893164e-191 2.4955760007015474e-29 0.5499999999999993 3.140897808282546e-198 8.909824752225365e-78 7.518320259308248e-16
147.89309086426175 0.45000000000000023 4.082408596160206e-29 1.4628712697938423e-38 4.44423183493768e-71 3.0311254739839606e-199 1.1707565447428103e-158 2.29387231396362e-189 4.0824085990859465e-29 0.549999999999999 1.0300786037320165e-196 3.855226317645247e-77 1.0162189814681097e-15
148.69309086426176 0.4500000000000002 6.643576613841676e-29 3.022630401517303e-38 1.5904324578356194e-70 7.834869598044653e-198 1.7923299025285842e-157 6.073452461594046e-188 6.643576619886941e-29 0.5499999999999998 3.2563927324438188e-195 1.6428514835998325e-76 1.3694067683650732e-15
149.49309086426177 0.44999999999999984 1.075631019708778e-28 6.197902569475797e-38 5.615889149974504e-70 1.9569079904685553e-196 2.6660748727945996e-156 1.5536239444744372e-186 1.075631020948359e-28 0.5500000000000009 9.92852247860115e-194 6.896357932495644e-76 1.8398267944230078e-15
150.29309086426176 0.4499999999999992 1.7327499685674586e-28 1.2613568376743488e-37 1.9570362717380745e-69 4.725595865022361e-195 3.855037260354751e-155 3.841827021565759e-185 1.7327499710901732e-28 0.5500000000000017 2.9212138521387393e-192 2.8524460707266657e-75 2.464568503625295e-15
151.09309086426174 0.44999999999999846 2.7775012589280773e-28 2.5480993268306206e-37 6.732038686215275e-69 1.1038804394259226e-193 5.421021299911649e-154 9.188481928378104e-184 2.7775012640242765e-28 0.5500000000000024 8.298829865810543e-191 1.1627655765008199e-74 3.2918807636700164e-15
151.89309086426175 0.44999999999999757 4.430495082211905e-28 5.11011255013328e-37 2.2863891016296907e-68 2.4957073687685043e-192 7.416863562010465e-153 2.1266269376421995e-182 4.43049509243213e-28 0.550000000000004 2.277633732069341e-189 4.6724295966119595e-74 4.3843568798892485e-15
152.69309086426176 0.449999999999996 7.033362826170869e-28 1.0174891921706653e-36 7.668246627637972e-68 5.463784671287452e-191 9.877168713432584e-152 4.765442284067882e-181 7.033362846520655e-28 0.5500000000000054 6.042242769988845e-188 1.85125388775034e-73 5.822979377364684e-15
153.49309086426175 0.44999999999999435 1.1112684977998708e-27 2.011698272536832e-36 2.54020741038312e-67 1.1588821752497702e-189 1.2808555181759984e-150 1.0344216808419547e-179 1.1112685018232675e-27 0.5500000000000074 1.5502031102933202e-186 7.233634363293904e-73 7.712243309676909e-15
154.29309086426173 0.44999999999999196 1.7476400241417227e-27 3.9498176782198715e-36 8.312898732788321e-67 2.3825596535557828e-188 1.618087522158574e-149 2.1761465487827857e-178 1.7476400320413582e-27 0.5500000000000099 3.848392371936448e-185 2.7880929889754457e-72 1.018662910529606e-14
155.09309086426174 0.4499999999999889 2.7358550524117708e-27 7.702273141921259e-36 2.6879880155453854e-66 4.750241467359746e-187 1.992108963563095e-148 4.438988473766525e-177 2.735855067816316e-27 0.5500000000000131 9.248897064138939e-184 1.0602516685245136e-71 1.3418759875440305e-14
155.89309086426175 0.44999999999998463 4.2635641116123656e-27 1.491880311149536e-35 8.589608115551839e-66 9.188811205330305e-186 2.3911389810640767e-147 8.783956915596975e-176 4.2635641414499744e-27 0.5500000000000176 2.1529575562822457e-182 3.978787131843353e-71 1.762965609684566e-14
156.69309086426173 0.4499999999999793 6.614865076157969e-27 2.870561538909678e-35 2.7131174385157278e-65 1.7253407429026238e-184 2.7992722250378424e-146 1.686970351989299e-174 6.6148651335692e-27 0.5500000000000234 4.856535838820402e-181 1.4737359837077655e-70 2.310159552755291e-14
157.49309086426172 0.4499999999999724 1.0218024134187874e-26 5.4873323065804e-35 8.472069509253202e-65 3.1459980072343966e-183 3.1974117282639954e-145 3.145809941656536e-173 1.0218024243934522e-26 0.5500000000000307 1.0621106339356876e-179 5.388915382392376e-70 3.0194201534004796e-14
158.29309086426173 0.44999999999996343 1.5715900558749275e-26 1.0422214521371267e-34 2.6158390406025787e-64 5.573168502060671e-182 3.564727279575779e-144 5.698466855058285e-172 1.5715900767193567e-26 0.55000000000004 2.2530312216097266e-178 1.9457160768995733e-69 3.936452275938698e-14
159.09309086426174 0.4499999999999515 2.4069448102044816e-26 1.9670032110396426e-34 7.987420079384854e-64 9.596091083008644e-181 3.8804879296713503e-143 1.0031663587018056e-170 2.4069448495445453e-26 0.5500000000000518 4.637855023821327e-177 6.938028106426706e-69 5.1192036045242366e-14
159.89309086426172 0.44999999999993623 3.670921027324511e-26 3.6892456443057894e-34 2.4123925767352076e-63 1.606643549785324e-179 4.1260401463632985e-142 1.7169687139326336e-169 3.6709211011094256e-26 0.5500000000000674 9.268594738251137e-176 2.4437206102420704e-68 6.640970839705939e-14
160.6930908642617 0.4499999999999167 5.575617733251663e-26 6.876981139425392e-34 7.207852813642468e-63 2.6167278344470444e-178 4.286663262373212e-141 2.8582994021692e-168 5.575617870791288e-26 0.5500000000000869 1.799068877437689e-174 8.503638510658684e-68 8.594249923565397e-14
161.49309086426172 0.4499999999998917 8.434249360582163e-26 1.2741640998704296e-33 2.130833082501458e-62 4.147522031184277e-177 4.3530415384694545e-140 4.6300620435918424e-167 8.434249615414985e-26 0.550000000000112 3.393169142949542e-173 2.9239709201988472e-67 1.1095497904906388e-13
162.29309086426173 0.44999999999985985 1.270753508647873e-25 2.346707195870706e-33 6.233705986088559e-62 6.40005594047427e-176 4.322147254971069e-139 7.300859686156791e-166 1.2707535555820178e-25 0.5500000000001439 6.221140802493828e-172 9.936469247162422e-67 1.4291009406465245e-13
163.0930908642617 0.449999999999819 1.9070543154483495e-25 4.296713881292525e-33 1.8049409742203497e-61 9.618650562717677e-175 4.197421017817489e-138 1.1210893435385844e-164 1.9070544013826277e-25 0.5500000000001848 1.1092278437081076e-170 3.337768463008868e-66 1.8364152948378106e-13
163.8930908642617 0.44999999999976736 2.850864702976811e-25 7.821592655368777e-33 5.173264071773958e-61 1.4084677298419405e-173 3.9882452809088303e-137 1.6770773065248845e-163 2.8508648594086648e-25 0.550000000000237 1.9241265036521233e-169 1.1084554303103877e-65 2.3544262876720846e-13
164.6930908642617 0.44999999999970164 4.245476124639223e-25 1.4157015312965232e-32 1.4679630819499278e-60 2.0102304964792216e-172 3.708813046171422e-136 2.4449891263851444e-162 4.245476407779528e-25 0.5500000000003027 3.248486908460782e-168 3.639901360566011e-65 3.0117542813213385e-13
165.49309086426172 0.4499999999996184 6.298489809489225e-25 2.548013773888267e-32 4.124555176508754e-60 2.797510208166377e-171 3.3765759186591437e-135 3.4751452458466967e-161 6.298490319091977e-25 0.5500000000003861 5.339891714145049e-167 1.1820624136742477e-64 3.844040809401375e-13
166.2930908642617 0.44999999999951346 9.309582655314948e-25 4.5605847381627895e-32 1.1476568545253754e-59 3.797361535111446e-170 3.0105006970930294e-134 4.817250862669953e-160 9.309583567431893e-25 0.5500000000004919 8.549752782552747e-166 3.7969889991359316e-64 4.895577959118657e-13
167.09309086426168 0.4499999999993808 1.3709790489460409e-24 8.118250202471412e-32 3.1628618760402423e-59 5.029574244279337e-169 2.6293668668836966e-133 6.514947402487333e-159 1.3709792113110453e-24 0.5500000000006244 1.3338507091696683e-164 1.2065736073373303e-63 6.221294191723588e-13
167.8930908642617 0.44999999999921414 2.011689188994602e-24 1.437345849538306e-31 8.634571075727393e-59 6.502361846134504e-168 2.250303037442773e-132 8.599239416016026e-158 2.0116894764637735e-24 0.5500000000007915 2.0283978549946432e-163 3.793586513757811e-63 7.889169797240653e-13
168.6930908642617 0.4499999999990047 2.9413222583442366e-24 2.5313385443879923e-31 2.33534850772116e-58 8.20824727033969e-167 1.8876996626598167e-131 1.1081432189785957e-156 2.9413227646119465e-24 0.5500000000010011 3.007793302267632e-162 1.1803009135244948e-62 9.983169219354652e-13
169.4930908642617 0.4499999999987427 4.285463376621818e-24 4.434675301282571e-31 6.2584955437753016e-58 1.0120805181747902e-165 1.5525628897166589e-130 1.3946489751691817e-155 4.285464263556881e-24 0.550000000001264 4.350563268310953e-161 3.6345089720502837e-62 1.2606794026379613e-12
170.29309086426167 0.44999999999841467 6.222254880254838e-24 7.7290833493504484e-31 1.6620778840929387e-57 1.219293471129186e-164 1.2523045074188901e-129 1.7147894108861084e-154 6.22225642607151e-24 0.5500000000015922 6.140397653479889e-160 1.107825817136879e-61 1.5887379754588788e-12
171.09309086426168 0.4499999999980051 9.003546613111899e-24 1.34023221822615e-30 4.374725318983476e-57 1.4357225419245013e-163 9.909069976509277e-129 2.0605091728421961e-153 9.003549293576342e-24 0.5500000000020013 8.459584923339246e-159 3.342960727029219e-61 1.9981282682389604e-12
171.8930908642617 0.4499999999974954 1.2984219255394366e-23 2.3123244199847525e-30 1.1413583130181863e-56 1.6528742152180205e-162 7.693671113496007e-128 2.420441485569302e-152 1.2984223880043213e-23 0.5500000000025114 1.1380162362642661e-157 9.988155849913156e-61 2.5080129349084783e-12
172.69309086426168 0.4499999999968618 1.8662708713558133e-23 3.969760508426298e-30 2.9520100345890035e-56 1.86102188791622e-161 5.8630758391068024e-127 2.78039655201119e-151 1.8662716653079144e-23 0.5500000000031454 1.4953309550793574e-156 2.9552393944017094e-60 3.141833293037109e-12
173.49309086426166 0.4499999999960755 2.6736833306393114e-23 6.781976854615879e-30 7.569899207369225e-56 2.0499271701313987e-160 4.386517536878518e-126 3.124239756399565e-150 2.673684687034683e-23 0.550000000003932 1.9197984954161975e-155 8.659869385748674e-60 3.928211713362437e-12
174.29309086426167 0.44999999999510154 3.818046287430394e-23 1.153065126585711e-29 1.924818119993457e-55 2.2096887544535363e-159 3.2227448094243726e-125 3.4350916522717556e-149 3.818048593560649e-23 0.5500000000049059 2.4090225409893726e-154 2.5136121708677572e-59 4.902033088950449e-12
175.09309086426168 0.4499999999938978 5.434848741496524e-23 1.9511266566388372e-29 4.85362922023431e-55 2.3316189235121626e-158 2.3256848318455475e-124 3.696725303593224e-148 5.43485264374984e-23 0.5500000000061096 2.955479206431777e-153 7.227853764989328e-59 6.10573867161794e-12
175.89309086426167 0.44999999999241264 7.712009584471584e-23 3.2860881744258927e-29 1.2138634873320086e-54 2.4090375705190207e-157 1.6489212969212284e-123 3.894996680934005e-147 7.712016156647934e-23 0.5500000000075949 3.5460860481284265e-152 2.059204576106655e-58 7.590871327008129e-12
176.69309086426165 0.4499999999905837 1.090937629496505e-22 5.508871169698363e-29 3.011255629166093e-54 2.437881442745366e-156 1.1488846109881485e-122 4.019129216195163e-146 1.0909387312707393e-22 0.5500000000094238 4.162315997591626e-151 5.8132980209933325e-58 9.419917946784314e-12
177.49309086426166 0.4499999999883351 1.5385182434543747e-22 9.1931152803774e-29 7.410495241135162e-54 2.4170511749504542e-155 7.86831458833515e-122 4.0626881635722376e-145 1.5385200820774305e-22 0.5500000000116725 4.7809368429369173e-150 1.626415767910689e-57 1.1668502502447955e-11
178.29309086426167 0.4499999999855757 2.1631843199180066e-22 1.5272355746246767e-28 1.8093189495715266e-53 2.3484560806994064e-154 5.298041823890205e-121 4.024122104506024e-144 2.1631873743891548e-22 0.550000000014432 5.37537323434994e-149 4.5100198673786653e-57 1.4427992184022594e-11
179.09309086426165 0.4499999999821953 3.0324246158130828e-22 2.5259146321293286e-28 4.383257197830623e-53 2.2367596863497967e-153 3.508125668769867e-120 3.9068102858617082e-143 3.0324296676423443e-22 0.5500000000178125 5.917593763188124e-148 1.2396934231909892e-56 1.780858941222052e-11
179.89309086426164 0.44999999997806117 4.238471486392506e-22 4.159357310601466e-28 1.0537498489314978e-52 2.088869820923815e-152 2.284846060272309e-119 3.7186242144207294e-142 4.238479805107125e-22 0.550000000021947 6.380337312975733e-147 3.378230454725986e-56 2.1942994441260774e-11
180.69309086426165 0.44999999997301343 5.9070158308660355e-22 6.8195210871647575e-28 2.5140903250197712e-52 1.913248741278571e-151 1.4640469256383394e-118 3.471077513315758e-141 5.907029469908214e-22 0.5500000000269946 6.739427807177677e-146 9.127517397535426e-56 2.6990737002975893e-11
181.49309086426166 0.44999999996686085 8.20886616131628e-22 1.1133361893005559e-27 5.953471349654435e-52 1.719136539697483e-150 9.231277257038817e-118 3.17818840260868e-140 8.208888428040067e-22 0.5500000000331473 6.97589835580157e-145 2.4454169141523373e-55 3.3143291231048064e-11
182.29309086426164 0.4499999999593744 1.1375504097942689e-21 1.8099553601343346e-27 1.3994204031603134e-51 1.515783238083826e-149 5.7288593617906e-117 2.8552068874216202e-139 1.1375540297049894e-21 0.5500000000406344 7.077661519770855e-144 6.497369722308071e-55 4.0630106228212355e-11
183.09309086426163 0.44999999995027895 1.571978294384657e-21 2.9302343223813236e-27 3.265550765306139e-51 1.311772867403831e-148 3.4999615464820574e-116 2.5173612818417675e-138 1.5719841548533013e-21 0.5500000000497304 7.040520326456416e-143 1.712195809603966e-54 4.9725705414818315e-11
183.89309086426164 0.4499999999392465 2.166339708864445e-21 4.724471517643637e-27 7.565471858012521e-51 1.1145002340422343e-147 2.1054003812308494e-115 2.1787584018872656e-137 2.1663491578074792e-21 0.5500000000607621 6.868404845496639e-142 4.475549939175314e-54 6.075803157852324e-11
184.69309086426165 0.44999999992588613 2.977324214367139e-21 7.5865366083977e-27 1.7403126323386264e-50 9.298331068822737e-147 1.2472928083791332e-114 1.851534790223767e-136 2.977339387440355e-21 0.5500000000741222 6.57282550583197e-141 1.1605441586429602e-53 7.411824172904225e-11
185.49309086426163 0.4499999999097321 4.080941969425564e-21 1.2133775748601302e-26 3.975299307192282e-50 7.619644911827201e-146 7.27861700005319e-114 1.5453109527417597e-135 4.080966236977061e-21 0.550000000090276 6.17163822813871e-140 2.9856823525787787e-53 9.027218689294993e-11
186.29309086426161 0.44999999989023065 5.57884552207189e-21 1.933003814791348e-26 9.017842768406579e-50 6.134358767851e-145 4.1846481825115494e-113 1.2669552445714476e-134 5.578884182148184e-21 0.5500000001097778 5.687300540722095e-139 7.62141882105438e-53 1.09773847357857e-10
187.09309086426163 0.44999999986672345 7.606634203111807e-21 3.067437165331035e-26 2.0317208781437066e-49 4.8529570124572074e-144 2.37071898956032e-112 1.0206257461035534e-133 7.60669555185511e-21 0.5500000001332849 5.1448496027120915e-138 1.9305508168506553e-52 1.3328103414678283e-10
187.89309086426164 0.4499999998384309 1.0344735946761566e-20 4.848934987360857e-26 4.5466511157708986e-49 3.7734882714988007e-143 1.3237079765025893e-111 8.080317318506164e-133 1.0344832925461312e-20 0.5500000001615776 4.569846840392778e-137 4.853130757100484e-52 1.6157371328963035e-10
188.69309086426162 0.44999999980442956 1.40326317300675e-20 7.635999827415827e-26 1.0107003729483202e-48 2.8845208052410635e-142 7.285741590693382e-111 6.288428381601133e-132 1.4032784450064036e-20 0.5500000001955796 3.986511415701996e-136 1.2108756500274655e-51 1.9557536144662582e-10
189.4930908642616 0.44999999976362715 1.8987404655651476e-20 1.1979952745135854e-25 2.2319929305967944e-48 2.1681617797145108e-141 3.953683309868304e-110 4.811729217508698e-131 1.8987644254706372e-20 0.550000000236382 3.4162138714581005e-135 2.998849405068105e-51 2.363778203925684e-10
190.29309086426161 0.4499999997147348 2.5627871039459187e-20 1.8725541325230484e-25 4.897095466304133e-48 1.6028345433859195e-140 2.1156908158243166e-109 3.620741957926188e-130 2.5628245550285693e-20 0.5500000002852744 2.8764337881013045e-134 7.372714325360324e-51 2.8527018463929656e-10
191.09309086426163 0.44999999965623255 3.450589969332979e-20 2.9162438214022913e-25 1.067566333992179e-47 1.1656142166134153e-139 1.1166035869197532e-108 2.6799194729957076e-129 3.4506482942094064e-20 0.5500000003437764 2.3802139937674592e-133 1.799522201051723e-50 3.437723319980447e-10
191.8930908642616 0.44999999958633097 4.634696653129846e-20 4.525256636075144e-25 2.3125775443121745e-47 8.340243789707312e-139 5.81320003613712e-108 1.9514733233132184e-128 4.6347871582625646e-20 0.550000000413678 1.9360801878878067e-132 4.36096729098833e-50 4.1367379220591524e-10
192.6930908642616 0.4499999995029261 6.210254776149796e-20 6.997001351450542e-25 4.978252180033671e-47 5.872832173464734e-138 2.985881355550808e-107 1.398323483286417e-127 6.210394716176822e-20 0.550000000497083 1.548346879770882e-131 1.0494032248460759e-49 4.970787450151199e-10
193.4930908642616 0.4499999994035468 8.301765480602847e-20 1.0780754877227494e-24 1.065050234446058e-46 4.0704938365124944e-137 1.5133561303037397e-106 9.861497007007352e-127 8.301981095700396e-20 0.5500000005964624 1.2177022973509441e-130 2.5076874578249694e-49 5.964580476448527e-10
194.29309086426161 0.4499999992852955 1.1071769296490176e-19 1.655288312135377e-24 2.264690253298844e-46 2.777548199160578e-136 7.569898114388175e-106 6.846250637704601e-126 1.1072100354152605e-19 0.5500000007147137 9.419563836940037e-130 5.951312590819623e-49 7.147093136311207e-10
195.0930908642616 0.44999999914477856 1.4731992712134061e-19 2.5328173550764138e-24 4.786581055512899e-46 1.8662681569119252e-135 3.7375493552940924e-105 4.679728849433486e-125 1.4732499275605072e-19 0.5500000008552306 7.168440373255112e-129 1.4028032125178072e-48 8.552262024314025e-10
195.89309086426158 0.44999999897802656 1.9557621483881254e-19 3.862406934005383e-24 1.0056613357313757e-45 1.2349973536165634e-134 1.8217899110944056e-104 3.1501292234744136e-124 1.9558393965268047e-19 0.5500000010219831 5.367953636397548e-128 3.2844381372085745e-48 1.0219782333580853e-9
196.6930908642616 0.4499999987804021 2.5905538548529298e-19 5.8702148710975346e-24 2.1004828594080724e-45 8.050406796198082e-134 8.767773137593844e-104 2.0886050928966127e-123 2.5906712591503507e-19 0.5500000012196077 3.9561031868480064e-127 7.639077247128593e-48 1.2196026104077608e-9
197.4930908642616 0.4499999985464951 3.423757836712891e-19 8.892203206507776e-24 4.361726203441221e-45 5.170212942929882e-133 4.1670042390349863e-103 1.3642179819855738e-122 3.42393568077702e-19 0.550000001453515 2.8700168622820427e-126 1.7651059253342903e-47 1.4535097383895968e-9
198.2930908642616 0.4499999982700006 4.51501154204641e-19 1.3425840365705204e-23 9.005334486632774e-45 3.2720170667205363e-132 1.9559824988015218e-102 8.779880150262175e-122 4.515280058853721e-19 0.5500000017300097 2.049939907784916e-125 4.0521426459553333e-47 1.7300043277041121e-9
199.09309086426157 0.4499999979435807 5.941163433127612e-19 2.0205394274989713e-23 1.8487292785594718e-44 2.0408716683175385e-131 9.069303362221298e-102 5.568618091743651e-121 5.941567541013108e-19 0.5500000020564295 1.441843745491379e-124 9.243070093282397e-47 2.05642422767223e-9
199.89309086426158 0.4499999975587057 7.801033723138587e-19 3.0311238758093184e-23 3.7740545020725465e-44 1.2548277312713206e-130 4.154427722193469e-101 3.481254082882835e-120 7.801639947913738e-19 0.550000002441305 9.988376355665746e-124 2.095068838645484e-46 2.4412993991894813e-9
