Temp Th_NH3 Th_NH2 Th_NH Th_N Th_NN Th_NNH Th_N2 Th_H Th P_N2 P_H2 P_NH3
100.0 0.15 0.0 0.0 0.0 0.0 0.0 0.0 0.0 0.85 0.0 0.0 0.0
100.0001 0.15 5.4912676668786674e-52 1.951593993977214e-74 9.296266087216293e-132 -0.0 3.4127134109715164e-287 -0.0 5.4912676668786674e-52 0.8499999999999995 -0.0 9.52865729195726e-145 1.469244609976679e-31
100.0003534123652 0.1499999999999999 1.9410025164473665e-51 2.4380751835437497e-73 4.105305918336001e-130 0.0 6.656124972577377e-284 0.0 1.9410025164473665e-51 0.8499999999999998 0.0 4.2081055469115375e-143 5.19299625836506e-31
100.00112443452397 0.14999999999999994 6.178696153595674e-51 2.469667053725203e-72 1.3239948609170736e-128 -0.0 6.925452079445587e-281 -0.0 6.178696153595674e-51 0.85 -0.0 1.357319202612008e-141 1.6527179026892733e-30
100.00784866097085 0.14999999999999997 4.331752234087909e-50 1.2102109222492079e-70 4.555773887127514e-126 -0.0 8.223679007538022e-276 -0.0 4.331752234087909e-50 0.85 -0.0 4.675576938481326e-139 1.1565900721369242e-29
100.07033327828 0.14999999999999997 4.044447041436551e-49 1.0255673315307266e-68 3.6578886707595206e-123 -0.0 5.447853908771697e-270 1.8e-322 4.044447041436551e-49 0.85 -0.0 3.793535633977581e-136 1.0616645981175472e-28
100.71843982324941 0.14999999999999997 6.516178719305876e-48 1.9374494164845895e-66 1.2914655969868778e-119 7.4e-323 9.116057142409787e-263 5.522829045e-314 6.516178719305876e-48 0.85 -0.0 1.5317142829129045e-132 1.4055434191344718e-27
101.51843982324941 0.14999999999999997 2.589790669386268e-47 1.968226089792297e-65 6.17308162992779e-118 7.46716e-319 3.0321005065509637e-259 8.46978374350603e-310 2.589790669386268e-47 0.85 0.0 9.173042936391228e-131 4.189701877930409e-27
102.31843982324942 0.14999999999999997 7.9158377802482e-47 1.1435260747048785e-64 1.275370984673496e-116 1.410080507e-315 1.8928390204748312e-256 1.8515745834474678e-306 7.9158377802482e-47 0.85 4.903e-320 2.494847744770724e-129 9.237435048002906e-27
103.11843982324942 0.14999999999999997 2.232446342682335e-46 5.57027832599706e-64 2.0108935410343515e-115 1.515610075735e-312 6.874653031312727e-254 2.149738571341766e-303 2.232446342682335e-46 0.85 8.4668277e-317 5.330166462120485e-128 1.830786316810111e-26
103.91843982324941 0.14999999999999997 6.0713039514443665e-46 2.5139657005107855e-63 2.808106215842648e-114 1.249340091254743e-309 1.950790293765003e-251 1.866311613477072e-300 6.0713039514443665e-46 0.85 1.05743889034e-313 1.0218956920551285e-126 3.4465444047232665e-26
104.71843982324941 0.14999999999999997 1.614747195623158e-45 1.0878262645901102e-62 3.657531567211551e-113 8.763851198078831e-307 4.791449009767936e-249 1.3651052404189618e-297 1.614747195623158e-45 0.85 1.09537654873283e-310 1.8343065070416027e-125 6.30037091106233e-26
105.51843982324941 0.14999999999999997 4.2212020201107466e-45 4.5714891330818074e-62 4.532348992643346e-112 5.4458685739390564e-304 1.0594362392855981e-246 8.809055088943516e-295 4.2212020201107466e-45 0.85 9.920052978456031e-308 3.1299316031987883e-124 1.1299155419377762e-25
106.3184398232494 0.14999999999999997 1.0867953349741591e-44 1.875321971791302e-61 5.386713061577959e-111 3.0480160717948505e-301 2.1429387301401455e-244 5.110950603953223e-292 1.0867953349741591e-44 0.85 8.025929859124108e-305 5.1075633215732626e-123 1.9984105841262763e-25
107.11843982324942 0.14999999999999997 2.758316350837387e-44 7.526277233670877e-61 6.162395520717814e-110 1.5483554180539592e-298 3.994028944414473e-242 2.689089088413555e-289 2.758316350837387e-44 0.85 5.857516152427972e-302 7.993132081521256e-122 3.495385162254586e-25
107.91843982324941 0.14999999999999997 6.90491571630032e-44 2.9584236117661225e-60 6.7984699283323285e-109 7.168828968565718e-296 6.885578524916806e-240 1.288892121314014e-286 6.90491571630032e-44 0.85 3.875794629027358e-299 1.2015313168733442e-120 6.055629603188881e-25
108.71843982324941 0.14999999999999997 1.705526117183003e-43 1.1397817522747793e-59 7.24146291371256e-108 3.0337440512221683e-293 1.1007272217623245e-237 5.644513042926663e-284 1.7055261171830037e-43 0.85 2.3325842803063308e-296 1.736842963127275e-119 1.0401151267340069e-24
109.51843982324941 0.14999999999999997 4.158003161350442e-43 4.30621775723045e-59 7.454080640923474e-107 1.1761133056350325e-290 1.6348432705023335e-235 2.2638424130922095e-281 4.158003161350442e-43 0.85 1.280035097467574e-293 2.416600478286366e-118 1.7722099028689195e-24
110.31843982324942 0.14999999999999997 1.00084313660105e-42 1.5961855240110275e-58 7.4209947221657645e-106 4.18539800082562e-288 2.259818689001093e-233 8.332285445386635e-279 1.0008431366010502e-42 0.85 6.418786991691985e-291 3.2392335257984865e-117 2.9966201601114275e-24
111.11843982324942 0.14999999999999997 2.3791584529206604e-42 5.807223773905212e-58 7.150764506079857e-105 1.3698191164379911e-285 2.911816522146234e-231 2.8197249630107237e-276 2.3791584529206614e-42 0.85 2.9471333452696636e-288 4.1862629036573236e-116 5.02985831086573e-24
111.91843982324941 0.14999999999999997 5.5869339562254254e-42 2.07456583546384e-57 6.673780089689139e-104 4.1306112933627686e-283 3.5027362658592166e-229 8.789466488769451e-274 5.58693395622543e-42 0.85 1.241337921684884e-285 5.220323576317098e-115 8.382727759982394e-24
112.71843982324941 0.14999999999999997 1.2963712422631236e-41 7.279952054254188e-57 6.036927981627335e-103 1.1496051951605632e-280 3.939494387117106e-227 2.528086267139316e-271 1.2963712422631256e-41 0.85 4.80530844194386e-283 6.28613567937863e-114 1.3874035170391193e-23
113.51843982324942 0.14999999999999997 2.973037635919541e-41 2.5103614754406413e-56 5.296282191708855e-102 2.9580241735902865e-278 4.148393109716526e-225 6.72096523656494e-269 2.9730376359195464e-41 0.85 1.7126397884075398e-280 7.314832125752703e-113 2.2807654129627596e-23
114.31843982324942 0.14999999999999997 6.740512857694531e-41 8.509605682638882e-56 4.5093629965036565e-101 7.048347535138968e-276 4.095665114148488e-223 1.654234464472951e-266 6.740512857694549e-41 0.85 5.6295562300677157e-278 8.231310905664279e-112 3.724647617300447e-23
115.11843982324942 0.14999999999999997 1.5111596784270643e-40 2.8366288845823897e-55 3.7283639860682676e-100 1.5577556132642133e-273 3.796259615064506e-221 3.775575793589299e-264 1.5111596784270702e-40 0.85 1.7095204333993965e-275 8.963523106394729e-111 6.043361861598797e-23
115.91843982324941 0.14999999999999997 3.3508358872300852e-40 9.301772148413819e-55 2.9953184703856515e-99 3.1982494732114014e-271 3.3078054283629054e-219 8.003239131654456e-262 3.3508358872301048e-40 0.85 4.803688385122445e-273 9.452056684123587e-110 9.743608534613915e-23
116.71843982324941 0.14999999999999997 7.350537443504502e-40 3.0015461242555596e-54 2.3396163848906434e-98 6.109172603746848e-269 2.7128558176804233e-217 1.5779821271582008e-259 7.350537443504563e-40 0.85 1.2510213111457076e-270 9.65820596565522e-109 1.561224772907403e-22
117.51843982324942 0.14999999999999997 1.595523690502377e-39 9.53416307906445e-54 1.7777539916380597e-97 1.0872957438331457e-266 2.0967725644701978e-215 2.898220258785404e-257 1.5955236905023947e-39 0.85 3.0242254126899364e-268 9.568991735444687e-108 2.486394127858849e-22
118.31843982324942 0.14999999999999997 3.427663431742602e-39 2.982061573871338e-53 1.3148182774322875e-96 1.8056316442620247e-264 1.529095076715599e-213 4.965646440637947e-255 3.4276634317426604e-39 0.85 6.796343390568614e-266 9.198245653864844e-107 3.9362823732868374e-22
119.11843982324942 0.14999999999999997 7.28943522793104e-39 9.187167874842284e-53 9.470264080599894e-96 2.8017609979707984e-262 1.0533748354224782e-211 7.947686010586044e-253 7.289435227931218e-39 0.85 1.4219451325266072e-263 8.583714389931436e-106 6.195344881641286e-22
119.91843982324943 0.14999999999999997 1.5348927488715614e-38 2.7887441390099648e-52 6.646449307182238e-95 4.0676319605973274e-260 6.862619330819732e-210 1.1899135090481422e-250 1.5348927488716186e-38 0.85 2.7736682365175707e-261 7.780944078326727e-105 9.695215693394782e-22
120.71843982324943 0.14999999999999997 3.2006335978433935e-38 8.343055947225518e-52 4.5474869725456136e-94 5.532653394586898e-258 4.23287641266924e-208 1.6686819944394748e-248 3.2006335978435616e-38 0.85 5.051167724087757e-259 6.855272430656835e-104 1.508726851892033e-21
121.51843982324942 0.14999999999999997 6.610750173472215e-38 2.4606806450283405e-51 3.0347606558852193e-93 7.059339614368837e-256 2.474500497553362e-206 2.1946935577065825e-246 6.61075017347271e-38 0.85 8.59964120762517e-257 5.873468180982889e-103 2.3349201549600053e-21
122.31843982324942 0.14999999999999997 1.3527056661830516e-37 7.156816260889699e-51 1.9763325900011006e-92 8.460119041264337e-254 1.3724645671530196e-204 2.7105684396750244e-244 1.3527056661831953e-37 0.85 1.3705362622529236e-254 4.896410050561195e-102 3.594078758320895e-21
123.11843982324942 0.14999999999999997 2.7426631603946264e-37 2.053226066046755e-50 1.2565626214034756e-91 9.534535788534721e-252 7.229694152156292e-203 3.1474801139035614e-242 2.742663160395038e-37 0.85 2.047283549645895e-252 3.973780531665727e-101 5.503031089573959e-21
123.91843982324943 0.14999999999999997 5.511058576847311e-37 5.811934268492828e-50 7.803642521008433e-91 1.0116925915782117e-249 3.620562228064551e-201 3.440313657318517e-240 5.511058576848475e-37 0.85 2.870014153858437e-250 3.141207916106648e-100 8.382213036300125e-21
124.71843982324943 0.14999999999999997 1.0976548388045804e-36 1.6236164449573579e-49 4.735820094874337e-90 1.0118719998850429e-247 1.7254026806543886e-199 3.543795030112418e-238 1.097654838804906e-36 0.85 3.780385765341154e-248 2.419770911376945e-99 1.2702821485638436e-20
125.51843982324942 0.14999999999999997 2.1673931791141944e-36 4.477483228147526e-49 2.8097529086100212e-89 9.550362428402992e-246 7.832017019094847e-198 3.4440143293069836e-236 2.1673931791150888e-36 0.85 4.684338787244053e-246 1.8173940500707536e-98 1.915436757897942e-20
126.31843982324943 0.14999999999999997 4.2434767243616025e-36 1.21920988486705e-48 1.630428874328138e-88 8.515463466853828e-244 3.3894204476037204e-196 3.161294847188789e-234 4.2434767243640393e-36 0.85 5.466654784608364e-244 1.3314608223567672e-97 2.874099996099868e-20
127.11843982324943 0.14999999999999997 8.239245752350245e-36 3.2788420702839014e-48 9.25715233169057e-88 7.18051837919514e-242 1.3997028741773683e-194 2.743687557473078e-232 8.239245752356801e-36 0.85 6.0151253044294245e-242 9.5194988951037e-97 4.291821720731515e-20
127.91843982324943 0.14999999999999997 1.586726826856139e-35 8.710859125301047e-48 5.144833199877516e-87 5.732125259410245e-240 5.520584143281225e-193 2.2538664136473404e-230 1.5867268268578814e-35 0.85 6.247319353049275e-240 6.64512453428613e-96 6.378602687679954e-20
128.71843982324944 0.14999999999999997 3.0313203627867733e-35 2.2866431629201827e-47 2.7999847123197022e-86 4.336406168254406e-238 2.0813433679106817e-191 1.754238196306647e-228 3.0313203627913453e-35 0.85 6.1310273212283246e-238 4.530932187230297e-95 9.436064545472203e-20
129.51843982324942 0.14999999999999997 5.745670804979335e-35 5.932376968099514e-47 1.4927888679516765e-85 3.1119297019055623e-236 7.507123533019666e-190 1.294934832856671e-226 5.745670804991201e-35 0.85 5.691364357217052e-236 3.0189417811540515e-94 1.3895500979723647e-19
130.31843982324943 0.14999999999999997 1.0806661905230978e-34 1.521407974497287e-46 7.799437186131302e-85 2.1204874601199582e-234 2.5925507533456028e-188 9.074604882267999e-225 1.0806661905261413e-34 0.85 5.0024771033457846e-234 1.9664703733649484e-93 2.0370939879455655e-19
131.11843982324945 0.14999999999999997 2.017183822028285e-34 3.857808179688988e-46 3.9949384024023378e-84 1.3732767257036635e-232 8.579243658674112e-187 6.042814133508964e-223 2.017183822036e-34 0.85 4.167452383002614e-232 1.2527484898399416e-92 2.9732827782192935e-19
131.91843982324943 0.14999999999999997 3.7373361445432837e-34 9.673925542898333e-46 2.0067569973903124e-83 8.460522912394714e-231 2.722542016760049e-185 3.8272227248592534e-221 3.737336144562632e-34 0.85 3.2937740885923934e-230 7.80833051974393e-92 4.3209929809683266e-19
132.71843982324944 0.14999999999999997 6.87384711066302e-34 2.3994905957106625e-45 9.889390853857638e-83 4.962995504971088e-229 8.291474594401028e-184 2.307559251597201e-219 6.873847110711013e-34 0.85 2.472095773232061e-228 4.763653263530618e-91 6.252967956512271e-19
133.51843982324942 0.14999999999999997 1.2552072976126487e-33 5.888091022407023e-45 4.7828074588096385e-82 2.7744664047357086e-227 2.4251603261212314e-182 1.3256500182300008e-217 1.2552072976244254e-33 0.85 1.7635427043390275e-226 2.8456110071889817e-90 9.011071978272697e-19
134.31843982324943 0.14999999999999997 2.2759589736090477e-33 1.429723515194647e-44 2.2708051414966152e-81 1.479368207538069e-225 6.817308198333736e-181 7.262480608679782e-216 2.275958973637642e-33 0.85 1.1968707106684796e-224 1.6650458880236876e-89 1.2932601162112437e-18
135.11843982324942 0.14999999999999997 4.0982739405467934e-33 3.4358378485720856e-44 1.0587710160734426e-80 7.530049284908917e-224 1.8431221068246227e-179 3.7973929697126165e-214 4.098273940615509e-33 0.85 7.734481313129137e-223 9.546632441567139e-89 1.848610002819872e-18
135.91843982324943 0.14999999999999997 7.329562358570256e-33 8.173261280281083e-44 4.8493964248598284e-80 3.661837273678694e-222 4.7958075204309556e-178 1.8966463631165874e-212 7.329562358733724e-33 0.85 4.763333684674116e-221 5.365396828414184e-88 2.6319934548600582e-18
136.7184398232494 0.14999999999999997 1.3021088629220323e-32 1.9249411327605024e-43 2.1825883784461548e-79 1.7026548108583498e-220 1.2017845890961294e-176 9.055969502041571e-211 1.3021088629605313e-32 0.85 2.798022022884358e-219 2.956867621322426e-87 3.732792173287348e-18
137.51843982324942 0.14999999999999997 2.298048682876784e-32 4.489255265649249e-43 9.655758591614537e-79 7.57563656071964e-219 2.9022365501728103e-175 4.1368592507657626e-209 2.2980486829665698e-32 0.85 1.5689444364665249e-217 1.5984076413594745e-86 5.2737683428322016e-18
138.3184398232494 0.14999999999999997 4.0296113021980684e-32 1.0369065455664464e-42 4.2001058075966826e-78 3.22780573549057e-217 6.758615751082595e-174 1.8093615081931656e-207 4.0296113024054496e-32 0.85 8.404813956124941e-216 8.478376510904826e-86 7.42291685511731e-18
139.11843982324942 0.14999999999999997 7.021134290821693e-32 2.372386243496863e-42 1.7968806794132428e-77 1.3179974442611373e-215 1.5187020840336957e-172 7.582680395730716e-206 7.021134291296176e-32 0.85 4.304795965728984e-214 4.4141582480361927e-85 1.0409308786437493e-17
139.9184398232494 0.14999999999999997 1.2157343506483588e-31 5.3775195700746463e-42 7.562866884824207e-77 5.161268744397438e-214 3.2948999275499866e-171 3.047049851467691e-204 1.2157343507559106e-31 0.85 2.1096627779937688e-212 2.2564749052522304e-84 1.4544197294725235e-17
140.7184398232494 0.14999999999999997 2.092200995125129e-31 1.2078087816647488e-41 3.132435422907061e-76 1.9397320285552832e-212 6.90598428978062e-170 1.1749116012384418e-202 2.092200995366692e-31 0.85 9.899974102112322e-211 1.132908357413359e-83 2.0249038744807616e-17
141.5184398232494 0.14999999999999997 3.5788740525601585e-31 2.68844499557076e-41 1.2770966965623492e-75 7.001192569357787e-211 1.3991868920327906e-168 4.350128531873077e-201 3.57887405309785e-31 0.85 4.4517714638161536e-209 5.5882001006411905e-83 2.809257111569804e-17
142.3184398232494 0.14999999999999997 6.085716220234413e-31 5.931391871350866e-41 5.126563230005587e-75 2.4285230098196188e-209 2.741826958442741e-167 1.5476256080712853e-199 6.08571622142069e-31 0.85 1.9196390471849525e-207 2.708883381375735e-82 3.8839716945782623e-17
143.1184398232494 0.14999999999999997 1.0288267494211438e-30 1.297265309488355e-40 2.0267588207043372e-74 8.101037486173776e-208 5.199485795826751e-166 5.294021597940518e-198 1.0288267496805968e-30 0.85 7.943235098963076e-206 1.29084858329929e-81 5.351587453568729e-17
143.9184398232494 0.14999999999999997 1.7293388927531645e-30 2.813069917481334e-40 7.89334139025631e-74 2.600454058254666e-206 9.547139953517469e-165 1.7423850834432518e-196 1.729338893315778e-30 0.85 3.156188137057611e-204 6.048526614324292e-81 7.34911726765195e-17
144.31843982324938 0.14999999999999997 2.2373151610440217e-30 4.129338265895892e-40 1.5491022472908064e-73 1.452536970930314e-205 4.042465416584371e-164 9.854043143196673e-196 2.2373151618698885e-30 0.85 1.9600054640756818e-203 1.301166201049829e-80 8.601487138758568e-17
144.71843982324938 0.14999999999999997 2.8904562330965646e-30 6.04885545839715e-40 3.0290758958890436e-73 8.037846014572566e-205 1.6982681371612955e-163 5.520852632386017e-195 2.8904562343063354e-30 0.85 1.2051237258405349e-202 2.787616879166779e-80 1.0059054503882608e-16
145.1184398232494 0.14999999999999997 3.729089476425095e-30 8.842320097745186e-40 5.901523692483317e-73 4.406726734902027e-204 7.079121599762429e-163 3.0644024279142377e-194 3.7290894781935604e-30 0.85 7.337447301828234e-202 5.947919785128747e-80 1.1754086456750462e-16
145.5184398232494 0.14999999999999997 4.804424008190356e-30 1.289932318190336e-39 1.1456580163277692e-72 2.3938098955719168e-203 2.928147920613213e-162 1.6852540663394858e-193 4.804424010770223e-30 0.85 4.4241911363758605e-201 1.2639888573815816e-79 1.3723709747765566e-16
145.9184398232494 0.14999999999999997 6.181400190207793e-30 1.877943774893747e-39 2.216131156010792e-72 1.2885256752099644e-202 1.2019172816311176e-161 9.183274447086916e-193 6.18140019396368e-30 0.85 2.641999106548527e-200 2.6753572270498085e-79 1.601061014676784e-16
146.31843982324938 0.14999999999999997 7.942262532736267e-30 2.7284779161880092e-39 4.271674717594026e-72 6.873197162538681e-202 4.8961109873689286e-161 4.9587796676225966e-192 7.942262538193227e-30 0.85 1.5626991366771766e-199 5.640204066929227e-79 1.8663827724228558e-16
146.5184398232494 0.14999999999999997 8.99816321049677e-30 3.286339536601465e-39 5.922796185255308e-72 1.5820657963343017e-201 9.853911310099943e-161 1.1483924024252229e-191 8.998163217069454e-30 0.85 3.787032771089233e-199 8.177275758881528e-79 2.0145087930986779e-16
146.71843982324938 0.14999999999999997 1.0191033869574848e-29 3.9562856720944117e-39 8.204944383740949e-72 3.6334432690094885e-201 1.979474447223392e-160 2.6535615057235145e-191 1.0191033877487423e-29 0.85 9.15579635398947e-199 1.1843943286351874e-78 2.1739660550032027e-16
146.9184398232494 0.14999999999999997 1.1538197399444952e-29 4.760438500547575e-39 1.1356546312103897e-71 8.326140915270662e-201 3.968974581821824e-160 6.117800234560011e-191 1.153819740896584e-29 0.85 2.2083650594312787e-198 1.7137977395943344e-78 2.3455885208351e-16
147.1184398232494 0.14999999999999997 1.3059110969345368e-29 5.725207812969975e-39 1.5705082603966847e-71 1.9037266727132887e-200 7.943231115087744e-160 1.4073192963944358e-190 1.3059110980795796e-29 0.85 5.314072567148855e-198 2.477422601514049e-78 2.5302690851027854e-16
147.3184398232494 0.14999999999999997 1.4775621965240004e-29 6.882106736521975e-39 2.1699963943945653e-71 4.3431498062398174e-200 1.586754812613506e-159 3.2301681308638177e-190 1.4775621979004238e-29 0.85 1.2757632774361756e-197 3.5778292567179323e-78 2.7289635632874727e-16
147.5184398232494 0.14999999999999997 1.6712253770104246e-29 8.268719734488828e-39 2.9957402487259096e-71 9.886630242579104e-200 3.163876020952443e-159 7.397698847275398e-190 1.6712253786641703e-29 0.85 3.0556444135538154e-197 5.162021471115254e-78 2.9426949389920677e-16
147.7184398232494 0.14999999999999997 1.889652476770422e-29 9.929850763989642e-39 4.132160286436578e-71 2.245633672612255e-199 6.296936930732158e-159 1.6904840635726069e-189 1.8896524787563954e-29 0.85 7.301796140233002e-197 7.440504208930985e-78 3.1725578849675585e-16
147.9184398232494 0.14999999999999997 2.1359304321496678e-29 1.1918884476693448e-38 5.694813784202976e-71 5.08956327388337e-199 1.2509579534711027e-158 3.854537606324111e-189 2.1359304345334475e-29 0.85 1.7408238002269646e-196 1.071442740973282e-77 3.419723574837724e-16
148.11843982324942 0.14999999999999997 2.4135209891289298e-29 1.429939923251799e-38 7.841745630933867e-71 1.1510042797733103e-198 2.480634481000361e-158 8.769687237157894e-189 2.4135209919888135e-29 0.85 4.1407801913327996e-196 1.5414210079995733e-77 3.685444803323321e-16
148.2184398232494 0.14999999999999997 2.565253572722564e-29 1.5659580805893099e-38 9.199016477899502e-71 1.7295046665508147e-198 3.49081084834426e-158 1.321706988801899e-188 2.565253575854485e-29 0.85 6.380768037185999e-196 1.8481728473704913e-77 3.825678894745569e-16
148.3184398232494 0.14999999999999997 2.726304990494667e-29 1.7147077612835804e-38 1.0788928439728558e-70 2.5973580669793083e-198 4.910127030400972e-158 1.9909041471001098e-188 2.7263049939240873e-29 0.85 9.826883289244022e-196 2.215444857300595e-77 3.9710614338014425e-16
148.4184398232494 0.14999999999999997 2.8972339304771126e-29 1.8773612144697462e-38 1.2650965812224087e-70 3.89858954505749e-198 6.903389946271796e-158 2.9972990315544626e-188 2.897233934231839e-29 0.85 1.5125550809421695e-195 2.6550735585093948e-77 4.121774458540481e-16
148.51843982324942 0.14999999999999997 3.078631750518549e-29 2.0551968245308853e-38 1.48312477351675e-70 5.8485644058977245e-198 9.701429808533266e-158 4.5099821764763405e-188 3.078631754628947e-29 0.85 2.3268032151622534e-195 3.181190150648721e-77 4.278006193126916e-16
148.61843982324942 0.14999999999999997 3.271124339982347e-29 2.2496085568258608e-38 1.7383631900831394e-70 8.769151719655539e-198 1.3627404360219008e-157 6.78242623726754e-188 3.27112434448157e-29 0.85 3.577351891432279e-195 3.8106614282523634e-77 4.4399512494129796e-16
148.7184398232494 0.14999999999999997 3.475374084730193e-29 2.462116229406236e-38 2.037099999929545e-70 1.314113583712798e-197 1.9133525076159718e-157 1.0194391424286088e-187 3.4753740896544304e-29 0.85 5.4968984436921525e-195 4.563614659466188e-77 4.607810834793594e-16
148.81843982324943 0.14999999999999997 3.6920819409642176e-29 2.694376681662631e-38 2.38667545176337e-70 1.968229359721757e-197 2.6852311690527755e-157 1.5314540511996968e-187 3.6920819463529753e-29 0.85 8.44166863637616e-195 5.464062271931052e-77 4.781792966529003e-16
148.91843982324943 0.14999999999999997 3.921989623792795e-29 2.948195916822324e-38 2.795656128639108e-70 2.946364372422718e-197 3.766809034130146e-157 2.299394804928135e-187 3.92198962968919e-29 0.85 1.2956685431344165e-194 6.540645152835659e-77 4.962112692727265e-16
149.01843982324942 0.14999999999999997 4.1658819166919157e-29 3.225542301696011e-38 3.274037770527957e-70 4.408243901605375e-197 5.2816686419852785e-157 3.4505672465197917e-187 4.1658819231430056e-29 0.85 1.98753619124691e-194 7.827516881656966e-77 5.148992320183913e-16
149.11843982324942 0.14999999999999997 4.4245891083568326e-29 3.5285609140830424e-38 3.833481300101905e-70 6.591946178001721e-197 7.402436874455485e-157 5.175297088910846e-187 4.424589115413962e-29 0.85 3.047138403335406e-194 9.365395375194425e-77 5.342661649281568e-16
149.2184398232494 0.14999999999999997 4.6989895637773166e-29 3.8595891358339253e-38 4.4875874312833574e-70 9.852150313928216e-197 1.0370141336517019e-156 7.757975073106845e-187 4.6989895714965037e-29 0.85 4.669020783391532e-194 1.1202813354226685e-76 5.543358216158084e-16
149.31843982324943 0.14999999999999997 4.9900124367261726e-29 4.2211735977837915e-38 5.252216102609112e-70 1.471696327797089e-196 1.45211638970427e-156 1.162332124782373e-186 4.990012445168527e-29 0.85 7.150170705953506e-194 1.3397604880131223e-76 5.751327542357652e-16
149.41843982324943 0.14999999999999997 5.298640531224525e-29 4.6160885916609106e-38 6.145857976777537e-70 2.197230626801074e-196 2.032475662176432e-156 1.740529269064285e-186 5.298640540456709e-29 0.85 1.094370744877592e-193 1.6018672124262146e-76 5.966823392185146e-16
149.51843982324942 0.14999999999999997 5.625913319940493e-29 5.047356073695001e-38 7.190066405363756e-70 3.2787160103482004e-196 2.8435236221895697e-156 2.604966300970288e-186 5.625913330035216e-29 0.85 1.674057932649312e-193 1.9148084719006406e-76 6.190108037990439e-16
149.61843982324945 0.14999999999999997 5.972930127890477e-29 5.518267395059649e-38 8.409959598404194e-70 4.8899355639321e-196 3.976456822111366e-156 3.896664687934125e-186 5.972930138927024e-29 0.85 2.559380856041787e-193 2.2883573728924802e-76 6.421452533615413e-16
149.71843982324944 0.14999999999999997 6.340853490245887e-29 6.032406905545264e-38 9.834804291021805e-70 7.28910330489826e-196 5.558326177847162e-156 5.8257865440863255e-186 6.340853502310709e-29 0.85 3.910733819353384e-193 2.7341493746743127e-76 6.661136996243185e-16
149.81843982324943 0.14999999999999997 6.730912693503388e-29 6.59367758904183e-38 1.1498693996570585e-69 1.0859683387605443e-195 7.766055601378278e-156 8.70536856078977e-186 6.730912706690752e-29 0.85 5.972291295871368e-193 3.266034018498205e-76 6.909450896895505e-16
149.91843982324943 0.14999999999999997 7.14440750975496e-29 7.206328902588446e-38 1.3441337016124014e-69 1.6170846902504781e-195 1.0845911401593378e-155 1.3001434576919395e-185 7.144407524167625e-29 0.85 9.115564532633297e-193 3.900492488058991e-76 7.16669335983131e-16
150.01843982324942 0.14999999999999997 7.582712134296039e-29 7.874987004998693e-38 1.570897178160878e-69 2.4066967063728176e-195 1.5140530044986017e-155 1.9407400096821854e-185 7.582712150046017e-29 0.85 1.3905496407661883e-192 4.657133210638886e-76 7.433173471106276e-16
150.06843982324943 0.14999999999999997 7.811618927938535e-29 8.231875301155846e-38 1.6981154370935734e-69 2.9354902919495096e-195 1.788575438628901e-155 2.37066415137931e-185 7.81161894440229e-29 0.85 1.7171104715250041e-192 5.088397219025013e-76 7.569977036249175e-16
150.13326643306954 0.14999999999999997 8.118486990605926e-29 8.718401647937096e-38 1.8783750795776737e-69 3.796945848919127e-195 2.2195332422639175e-155 3.0722569639894176e-185 8.118487008042736e-29 0.85 2.256767822403628e-192 5.707050912395616e-76 7.750971053506739e-16
150.21731621988488 0.14999999999999997 8.533952295686619e-29 9.391574027922699e-38 2.1405963767759924e-69 5.298895411192191e-195 2.9356113571958774e-155 4.2982217975186195e-185 8.53395231446977e-29 0.85 3.215298087928601e-192 6.621508006838848e-76 7.99186589036597e-16
150.2673162198849 0.14999999999999997 8.790895577107163e-29 9.816060483963958e-38 2.3134837980902275e-69 6.4598126572692324e-195 3.466379655871659e-155 5.2476608302928975e-185 8.790895596739288e-29 0.85 3.968219860496614e-192 7.233037634280704e-76 8.138583733664199e-16
150.332142829705 0.14999999999999997 9.135318570704198e-29 1.0394663539261048e-37 2.558396768239419e-69 8.349926472478893e-195 4.299186167336424e-155 6.796118139709474e-185 9.13531859149353e-29 0.85 5.2116724314312966e-192 8.110056181495689e-76 8.332684657715227e-16
150.41619261652033 0.14999999999999997 9.601576042856521e-29 1.1195099464616918e-37 2.914561364762355e-69 1.1642783660534458e-194 5.682074524500979e-155 9.499784038749102e-185 9.601576065246725e-29 0.85 7.41845878339446e-192 9.405975146021124e-76 8.591007140096151e-16
150.46619261652035 0.14999999999999997 9.889902245727658e-29 1.1699758466966246e-37 3.149324788461182e-69 1.4186248664041092e-194 6.706510706061716e-155 1.1592198774018836e-184 9.889902269127181e-29 0.85 9.15064800810837e-192 1.0272342693825784e-75 8.748330041472167e-16
150.53101922634045 0.14999999999999997 1.0276359083629638e-28 1.23875518018516e-37 3.4818147606935393e-69 1.832484953817205e-194 8.313108392720456e-155 1.5002712608945888e-184 1.0276359108404752e-28 0.85 1.2009562411159413e-191 1.151451195234654e-75 8.956450400199092e-16
150.57304411974812 0.14999999999999997 1.053473488978318e-28 1.285454839025761e-37 3.7157180466947666e-69 2.1630155320849196e-194 9.553948472580138e-155 1.7730769380872833e-184 1.0534734915492292e-28 0.85 1.432248089335404e-191 1.2398293627340437e-75 9.0939134310297e-16
150.62753074710156 0.14999999999999997 1.0879202343536524e-28 1.3485923764544453e-37 4.0423139268687483e-69 2.681488754726665e-194 1.1441137748494217e-154 2.201617744554908e-184 1.0879202370508376e-28 0.85 1.7994060960832575e-191 1.364507763758108e-75 9.275174374942155e-16
150.69817441373863 0.14999999999999997 1.1342252124978285e-28 1.4350184184436922e-37 4.5084576611470464e-69 3.542131722033517e-194 1.4450634766432022e-154 2.914306094575979e-184 1.1342252153678662e-28 0.85 2.418384048648106e-191 1.544851183677797e-75 9.515384851486354e-16
150.74397030787205 0.14999999999999997 1.1652670420733206e-28 1.4939371132484173e-37 4.838727932016886e-69 4.242024316766882e-194 1.6810574698218304e-154 3.4948595245082933e-184 1.1652670450611954e-28 0.85 2.9288502482016126e-191 1.6742062323414203e-75 9.674302682290291e-16
150.80334615907904 0.14999999999999997 1.2067530369419202e-28 1.5738867093351283e-37 5.302878411159524e-69 5.3583721556765066e-194 2.0450340870121104e-154 4.422308395085698e-184 1.2067530400896942e-28 0.85 3.753691693623206e-191 1.858045202981897e-75 9.884163859020353e-16
150.8418375104684 0.14999999999999997 1.2344149982603573e-28 1.6279519864034175e-37 5.627086415396133e-69 6.233956165048869e-194 2.3219047097381485e-154 5.150769612477391e-184 1.2344150015162606e-28 0.85 4.408311956848522e-191 1.987788416569022e-75 1.0022550985568333e-15
150.89174278682768 0.14999999999999997 1.2712042604585574e-28 1.7007807365358697e-37 6.076849795764078e-69 7.584671703058587e-194 2.7371518954729772e-154 6.27600274797776e-184 1.271204263860118e-28 0.85 5.429203938839186e-191 2.1694766977816467e-75 1.0204761867058418e-15
150.95644658439784 0.14999999999999997 1.3205023367210388e-28 1.8000011015120081e-37 6.71342038752399e-69 9.778761021261713e-194 3.38744833774081e-154 8.106939369589387e-184 1.320502340321041e-28 0.85 7.111124346886996e-191 2.4297822360234646e-75 1.04457710322803e-15
150.99839186278746 0.14999999999999997 1.3534542629489511e-28 1.8673463289439936e-37 7.160970196294017e-69 1.1528381095116765e-193 3.889048608754562e-154 9.569233643076456e-184 1.3534542666836438e-28 0.85 8.469619676966179e-191 2.6148588192658445e-75 1.060493550432446e-15
151.05277526670662 0.14999999999999997 1.3973767192164053e-28 1.958368035018658e-37 7.785533357367522e-69 1.426895238341412e-193 4.6510226972758374e-154 1.1863019692659664e-183 1.3973767231331414e-28 0.85 1.0622885434520236e-190 2.8757910738485126e-75 1.0814786637553804e-15
151.0880301837722 0.14999999999999997 1.4265915990127577e-28 2.019694996516209e-37 8.218970612166841e-69 1.6383317720277308e-193 5.2226700987469114e-154 1.3634994689474587e-183 1.426591603052149e-28 0.85 1.2302148597150152e-190 3.0585897646828915e-75 1.0952962064776798e-15
151.13373931882919 0.14999999999999997 1.4653601462595995e-28 2.102031030547312e-37 8.816730762206807e-69 1.959590907844938e-193 6.069192890577892e-154 1.6330584312961414e-183 1.4653601504636626e-28 0.85 1.4879098488233928e-190 3.3128631239914834e-75 1.1134650511715892e-15
151.19300268410026 0.14999999999999997 1.517161543784021e-28 2.213721145191324e-37 9.65633048008263e-69 2.471265795666325e-193 7.373211805473251e-154 2.0630586499954967e-183 1.5171615482114637e-28 0.85 1.9036704476357096e-190 3.674006659318408e-75 1.1374551814338628e-15
151.2314211146708 0.14999999999999997 1.5516947947776422e-28 2.2892284397997726e-37 1.024248534774631e-68 2.872058905241311e-193 8.364058028076102e-154 2.4003537112346113e-183 1.5516947993561e-28 0.85 2.2331721593822736e-190 3.9287328612167537e-75 1.1532729758511844e-15
151.28123184684077 0.14999999999999997 1.5976144074563792e-28 2.390913539444628e-37 1.1055256343346866e-68 3.489590379127001e-193 9.84860630847699e-154 2.9207281760603663e-183 1.5976144122382066e-28 0.85 2.7463762787855114e-190 4.2852539250075023e-75 1.1740976925986892e-15
151.34581306482548 0.14999999999999997 1.6591330709899668e-28 2.5293992480491627e-37 1.2204906097751996e-68 4.491123277141429e-193 1.2170411893612567e-153 3.76612140966896e-183 1.6591330760487662e-28 0.85 3.590471797760617e-190 4.795691483093861e-75 1.2016386788273847e-15
151.3876788790255 0.14999999999999997 1.7002447209473662e-28 2.62336551742694e-37 1.3012729178086089e-68 5.288629308881765e-193 1.3959164537767274e-153 4.44033309934443e-183 1.7002447261940978e-28 0.85 4.271222996240233e-190 5.158381585844732e-75 1.2198246904983143e-15
151.82192188733674 0.14999999999999988 2.189934610644902e-28 3.825280515367104e-37 2.5245342692251666e-68 2.8666718623391993e-192 5.76318181106842e-153 2.4376345540434276e-182 2.1899346182954653e-28 0.85 2.5717405299146022e-189 1.0962896393689326e-74 1.4248271538917936e-15
152.62192188733675 0.1499999999999994 3.477973494138332e-28 7.621452420112094e-37 8.47635761823756e-68 6.293819575861361e-191 7.69329464107312e-152 5.478057936328997e-181 3.4779735093812396e-28 0.8500000000000011 6.842727468856674e-188 4.349003910544778e-74 1.892820931426696e-15
153.42192188733674 0.14999999999999877 5.497481133329401e-28 1.5077926596578358e-36 2.8109748865327765e-67 1.338674218176927e-189 9.99999806137554e-151 1.1924545063526215e-179 5.497481163485257e-28 0.8500000000000016 1.7607710266647518e-186 1.7014267677160312e-73 2.5075601351518084e-15
154.22192188733675 0.149999999999998 8.649189742090593e-28 2.9622553449083566e-36 9.208895502631907e-67 2.759786764146756e-188 1.2662100773468863e-149 2.5155562685853913e-178 8.649189801335702e-28 0.8500000000000023 4.38386160894444e-185 6.565815470563014e-73 3.3128813510670804e-15
155.02192188733673 0.14999999999999689 1.3545420186642687e-27 5.7799878020641155e-36 2.980866205249764e-66 5.517281887001068e-187 1.5624473606695369e-148 5.145329048034205e-177 1.3545420302242447e-27 0.8500000000000038 1.0566015634614428e-183 2.4998104719921186e-72 4.365067395935795e-15
155.82192188733674 0.14999999999999541 2.1117643943357058e-27 1.1202128209000255e-35 9.535458616618368e-66 1.0701103132869694e-185 1.8796221905745094e-147 1.0209030670716754e-175 2.111764416739962e-27 0.8500000000000052 2.4665028697587228e-182 9.391991202714682e-72 5.7361969994228884e-15
156.62192188733673 0.1499999999999936 3.277662943976973e-27 2.156691549021259e-35 3.0149702446229123e-65 2.0145877644962834e-184 2.205309342492909e-146 1.9658448638220104e-174 3.277662987110802e-27 0.8500000000000072 5.579291333376817e-181 3.4827943199917235e-71 7.518346388354457e-15
157.42192188733674 0.1499999999999913 5.0649863761766966e-27 4.1250878542162013e-35 9.424176508305001e-65 3.682939338325935e-183 2.5244518018327946e-145 3.675398351327548e-173 5.06498645867845e-27 0.8500000000000096 1.2235177930483315e-179 1.2749793182646096e-70 9.828846771019787e-15
158.22192188733672 0.1499999999999884 7.793206046331565e-27 7.839329887333557e-35 2.9127135696598065e-64 6.541030418286118e-182 2.82049125948943e-144 6.674874697696171e-172 7.793206203118165e-27 0.8500000000000126 2.6024236992585447e-178 4.608583903466072e-70 1.2816847517925975e-14
159.02192188733673 0.14999999999998462 1.1940047962969973e-26 1.4803598350299003e-34 8.902657737209615e-64 1.1290927840409688e-180 3.0768107963356806e-143 1.1780251368871276e-170 1.1940048259041944e-26 0.8500000000000166 5.371316642583978e-177 1.6451409341696719e-69 1.6671490224017533e-14
159.8219218873367 0.14999999999997973 1.8216947455771354e-26 2.7780462016672515e-34 2.691418184466792e-63 1.8950898899415537e-179 3.2783118456913944e-142 2.0212692548241944e-169 1.821694801138061e-26 0.8500000000000215 1.0762499559144635e-175 5.800835345308189e-69 2.1632065677252624e-14
160.62192188733673 0.1499999999999734 2.7679089523968855e-26 5.181265380538794e-34 8.049204094780369e-63 3.09405407902431e-178 3.412912607848111e-141 3.373134852637928e-168 2.7679090560221957e-26 0.8500000000000281 2.094430364993211e-174 2.0207321928867625e-68 2.8000606242828744e-14
161.4219218873367 0.1499999999999652 4.188525459368747e-26 9.604969663031859e-34 2.381794002914829e-62 4.91588240371022e-177 3.4727577177122175e-140 5.4772342492810005e-167 4.1885256514681426e-26 0.8500000000000363 3.9602816268708895e-173 6.955609474846453e-68 3.615746288051315e-14
162.22192188733672 0.1499999999999547 6.312910997000773e-26 1.769940846365246e-33 6.974335633453095e-62 7.603694673381738e-176 3.454969801526826e-139 8.657283804484484e-166 6.312911350988948e-26 0.8500000000000469 7.279086621546666e-172 2.3661688114738216e-67 4.658053197144002e-14
163.0219218873367 0.14999999999994149 9.477260004944848e-26 3.2423668242775436e-33 2.0212286096691617e-61 1.1454289102451157e-174 3.3618447344331237e-138 1.3324961270884097e-164 9.477260653418214e-26 0.8500000000000604 1.3010623107516568e-170 7.956366534167174e-67 5.986893588573127e-14
163.8219218873367 0.14999999999992467 1.4172469311598456e-25 5.905320705465951e-33 5.798387566522173e-61 1.6811220992749304e-173 3.2004794772580896e-137 1.9979384900795843e-163 1.4172470492662593e-25 0.850000000000077 2.2623819211380946e-169 2.6449369895663215e-66 7.677212691764571e-14
164.62192188733673 0.14999999999990318 2.1112630658253793e-25 1.0693979746159636e-32 1.6468052874048287e-60 2.4048175434855913e-172 2.981906910211902e-136 2.9194078507245914e-162 2.1112632797049753e-25 0.8500000000000987 3.8287161970480405e-168 8.693985887857036e-66 9.822558168563161e-14
165.4219218873367 0.14999999999987604 3.133266192072288e-25 1.9256866967618143e-32 4.631090184381572e-60 3.3541131195442592e-171 2.719879916780137e-135 4.158774720391878e-161 3.133266577209627e-25 0.8500000000001259 6.308546964134902e-167 2.8261536407244624e-65 1.2539448797062248e-13
166.2219218873367 0.14999999999984173 4.6326971859137155e-25 3.448398869725994e-32 1.2897090806354299e-59 4.562930228365423e-170 2.429485790828708e-134 5.777664924912579e-160 4.632697875593492e-25 0.8500000000001604 1.0124198448059767e-165 9.086877697624456e-65 1.597271047905523e-13
167.0219218873367 0.14999999999979835 6.8245704980619295e-25 6.141429397178489e-32 3.557363094104352e-59 6.056689776546133e-169 2.1257775103609146e-133 7.830887414293969e-159 6.82457172634781e-25 0.8500000000002037 1.583106611076664e-164 2.8903018767635898e-64 2.03019806873202e-13
167.8219218873367 0.14999999999974392 1.0017150453833454e-24 1.0878659822841188e-31 9.719675995752032e-59 7.847007963821938e-168 1.8225833915888563e-132 1.03584236304247e-157 1.0017152629565422e-24 0.8500000000002584 2.4128917799381322e-163 9.095939940246002e-64 2.574962153829955e-13
168.6219218873367 0.1499999999996755 1.4650848374618598e-24 1.9167634097672754e-31 2.630998817296808e-58 9.926568067012121e-167 1.5316096084176156e-131 1.3376728716980702e-156 1.4650852208145425e-24 0.850000000000327 3.585920308386879e-162 2.832649371660654e-63 3.259032779402633e-13
169.42192188733668 0.14999999999958968 2.1352703992120183e-24 3.3595522203458525e-31 7.056540075666054e-58 1.226497368536678e-165 1.2618925525501571e-130 1.6870440428616716e-155 2.1352710711224645e-24 0.8500000000004126 5.198194438203358e-161 8.730571906220521e-63 4.116277043666253e-13
170.2219218873367 0.14999999999948258 3.1012439457342613e-24 5.857955038936805e-31 1.8755179313853107e-57 1.4806418960323168e-164 1.0196016398830893e-129 2.0785817467084803e-154 3.1012451173252707e-24 0.8500000000005201 7.352662102554917e-160 2.6635434856758163e-62 5.188368037000535e-13
171.0219218873367 0.14999999999934877 4.488827736041362e-24 1.0162342023934423e-30 4.9404190626542073e-57 1.7469888705402238e-163 8.081472409250884e-129 2.502725605154676e-153 4.488829768509767e-24 0.8500000000006537 1.0151382364554133e-158 8.044620073992462e-62 6.526485183734027e-13
171.82192188733669 0.14999999999918215 6.4753691869992455e-24 1.7541047171049175e-30 1.2899515782817041e-56 2.0152321842686483e-162 6.285184640296573e-128 2.9458011831246914e-152 6.475372695208681e-24 0.8500000000008208 1.3684842183799126e-157 2.4056930911588634e-61 8.193363308621617e-13
172.62192188733667 0.14999999999897498 9.310027406386501e-24 3.012738183574828e-30 3.3388966395415054e-56 2.2734766126745793e-161 4.797630041787542e-127 3.3905781675957806e-151 9.310033431862876e-24 0.8500000000010282 1.8019024705204184e-156 7.123985319115618e-61 1.0265757470035393e-12
