Temp Th_NH3 Th_NH2 Th_NH Th_N Th_NN Th_NNH Th_N2 Th_H Th P_N2 P_H2 P_NH3
100.0 0.35 0.0 0.0 0.0 0.0 0.0 0.0 0.0 0.65 0.0 0.0 0.0
100.0001 0.35 9.798144268352147e-52 2.6629016088524263e-74 9.699930534995582e-132 -0.0 4.8587610837251157e-287 -0.0 9.798144268352147e-52 0.65 -0.0 3.033710535743864e-144 3.4282374232789174e-31
100.00033458304303 0.3499999999999998 3.278794288597307e-51 2.981605071587634e-73 3.634610807025972e-130 0.0 6.822574229518995e-284 0.0 3.278794288597307e-51 0.6500000000000001 0.0 1.1367894484409063e-142 1.1471331976878101e-30
100.00112266863823 0.3499999999999999 1.100740571593435e-50 3.3592183796030253e-72 1.3749829061524828e-128 -0.0 9.767318846693383e-281 -0.0 1.100740571593435e-50 0.6500000000000002 -0.0 4.301057238920426e-141 3.850282915788674e-30
100.00744927873517 0.35000000000000003 7.333988723171768e-50 1.487015392781458e-70 4.061398798494861e-126 -0.0 8.545223356049744e-276 -0.0 7.333988723171768e-50 0.6500000000000004 -0.0 1.2717525701392026e-138 2.560993017027824e-29
100.05951182246946 0.3500000000000001 6.062736797330327e-49 9.925407442756463e-69 2.2685352128308444e-123 -0.0 2.7271329891030795e-270 5.0e-323 6.062736797330327e-49 0.6500000000000005 -0.0 7.165419345550353e-136 2.0873375008654624e-28
100.50606360391087 0.35000000000000014 7.012557684806889e-48 1.0721048765166841e-66 3.142537986949856e-120 5.0e-324 6.393953305950155e-264 1.710909643e-315 7.012557684806889e-48 0.6500000000000006 -0.0 1.0827574822342575e-132 2.1177491360405777e-27
101.30606360391089 0.35000000000000014 3.3385413867337525e-47 1.5826376504392584e-65 2.6268331459256084e-118 9.075e-320 6.4945250056096264e-260 9.649782681582e-311 3.3385413867337525e-47 0.6500000000000007 0.0 1.1154860766415798e-130 7.656487684401869e-27
102.10606360391088 0.35000000000000014 1.0616347934365995e-46 1.0021098523550136e-64 6.180485891109912e-117 2.2363977e-316 5.254424468621844e-257 2.8527586422960903e-307 1.0616347934365995e-46 0.6500000000000008 6.754e-321 3.417003010609306e-129 1.772246895779387e-26
102.90606360391088 0.35000000000000014 3.038633690441684e-46 5.0412151688471226e-64 1.0245479026560851e-115 2.6732601019e-313 2.1109286783216405e-254 3.727890931651511e-304 3.038633690441684e-46 0.6500000000000009 1.3273345e-317 7.630528724287033e-128 3.585282988506986e-26
103.70606360391088 0.35000000000000014 8.327140574741844e-46 2.3106285090785004e-63 1.4669526644332995e-114 2.3304110581069e-310 6.304870361157462e-252 3.438367079396546e-301 8.327140574741844e-46 0.650000000000001 1.7723388956e-314 1.49647365951465e-126 6.822343281401403e-26
104.50606360391087 0.35000000000000014 2.2263000134332574e-45 1.0092857786238343e-62 1.9410712292874482e-113 1.696954951698549e-307 1.6004561084915633e-249 2.615517134421608e-298 2.2263000134332574e-45 0.650000000000001 1.915552528209e-311 2.72777892604028e-125 1.255261684801637e-25
105.30606360391087 0.35000000000000014 5.845038071042944e-45 4.27153541452932e-62 2.4347312096824462e-112 1.0865657527401423e-304 3.6310829742032367e-247 1.7404748878659393e-295 5.845038071042944e-45 0.650000000000001 1.7925862249030905e-308 4.71370178028207e-124 2.261182440621685e-25
106.10606360391088 0.35000000000000014 1.5107947475245103e-44 1.763025147378012e-61 2.9245854007911144e-111 6.246563273741986e-302 7.51335988254424e-245 1.037587690493148e-292 1.5107947475245103e-44 0.650000000000001 1.4925159867522193e-305 7.780982615286737e-123 4.012630004899479e-25
106.90606360391088 0.35000000000000014 3.8487943780798984e-44 7.115881184361539e-61 3.3790293936885544e-110 3.254272567632856e-299 1.4304378253210409e-242 5.599704507839928e-290 3.8487943780798984e-44 0.650000000000001 1.1188067021976914e-302 1.2310691935836857e-121 7.037830516477479e-25
107.70606360391088 0.35000000000000014 9.669611211884514e-44 2.8123539856480695e-60 3.763400435282657e-109 1.543790243607546e-296 2.5169219497682613e-240 2.7503140441940824e-287 9.669611211884514e-44 0.650000000000001 7.595328190847622e-300 1.870204997285167e-120 1.2222382341155508e-24
108.50606360391087 0.35000000000000014 2.396834642684145e-43 1.0892344248195304e-59 4.045767963560822e-108 6.689321420624846e-294 4.104165691633357e-238 1.233368720757007e-284 2.396834642684145e-43 0.650000000000001 4.6863957891979615e-297 2.731387939269671e-119 2.1039820864968054e-24
109.30606360391087 0.35000000000000014 5.863511646271584e-43 4.136455007968107e-59 4.2021826760688097e-107 2.6537957299771136e-291 6.214779262712084e-236 5.062451521973755e-282 5.863511646271586e-43 0.650000000000001 2.6349432690013407e-294 3.838768305637112e-118 3.5923825810357176e-24
110.10606360391088 0.35000000000000014 1.416116632940695e-42 1.5409804508447286e-58 4.2204622626875275e-106 9.659264988351213e-289 8.754603580790179e-234 1.905894320294536e-279 1.4161166329406961e-42 0.650000000000001 1.3530365758021088e-291 5.19632835676782e-117 6.086478872244566e-24
110.90606360391088 0.35000000000000014 3.377417113269219e-42 5.633986189458517e-58 4.101887027881563e-105 3.2318074140950544e-286 1.149106165460908e-231 6.59396066475881e-277 3.377417113269221e-42 0.650000000000001 6.358249607361226e-289 6.780406511116471e-116 1.0235929198916596e-23
111.70606360391088 0.35000000000000014 7.956693312505547e-42 2.0223762849418763e-57 3.860612359560512e-104 9.957854743312642e-284 1.4075509633594085e-229 2.1003937771489665e-274 7.95669331250555e-42 0.650000000000001 2.7396339486358267e-286 8.53517644808811e-115 1.709109290326378e-23
112.50606360391089 0.35000000000000014 1.85206659474571e-41 7.130277490923415e-57 3.521079765103228e-103 2.830547011175384e-281 1.6113532449535539e-227 6.170626472795781e-272 1.852066594745712e-41 0.650000000000001 1.0843746705589545e-283 1.037285747371111e-113 2.833867309618306e-23
113.30606360391089 0.35000000000000014 4.260563027803153e-41 2.4700989147407213e-56 3.1140915949627756e-102 7.43533438909572e-279 1.726481148169846e-225 1.6748454961168916e-269 4.260563027803158e-41 0.650000000000001 3.949816407542796e-281 1.2179651535426429e-112 4.6669272892503373e-23
114.10606360391088 0.35000000000000014 9.688821841138715e-41 8.410967094559852e-56 2.6724085937252765e-101 1.807905362348441e-276 1.7337272605777935e-223 4.206859705558716e-267 9.68882184113873e-41 0.650000000000001 1.3262972791350065e-278 1.3827191564416262e-111 7.63470336424852e-23
114.90606360391088 0.35000000000000014 2.1785757752731457e-40 2.816156917867416e-55 2.2267036147082875e-100 4.075632563203224e-274 1.6339313142207022e-221 9.794435695039524e-265 2.1785757752731497e-40 0.650000000000001 4.112495445752152e-276 1.5187947651521726e-110 1.2408691665139265e-22
115.70606360391088 0.35000000000000014 4.844772045122737e-40 9.274668550054106e-55 1.8024970900409002e-99 8.531749716664046e-272 1.4470741095673665e-219 2.116994475983119e-262 4.844772045122749e-40 0.650000000000001 1.1794627949253462e-273 1.6151955909728651e-109 2.0039747167209732e-22
116.50606360391089 0.35000000000000014 1.065789588667527e-39 3.005506793574061e-54 1.4183929952072853e-98 1.6609855048586695e-269 1.205885013739601e-217 4.2544264007655414e-260 1.0657895886675322e-39 0.650000000000001 3.1338006746617967e-271 1.6641746285032419e-108 3.216237091971889e-22
117.30606360391089 0.35000000000000014 2.3198656582321787e-39 9.586452419687191e-54 1.0856220613555087e-97 3.0117651136471175e-267 9.467127846776519e-216 7.9613608652563165e-258 2.3198656582321973e-39 0.650000000000001 7.725772738865065e-269 1.662261886472606e-107 5.130367816454537e-22
118.10606360391088 0.35000000000000014 4.997359956782095e-39 3.0106361386512606e-53 8.086568696046805e-97 5.093652782016367e-265 7.010553205074573e-214 1.3892653657693978e-255 4.9973599567821566e-39 0.650000000000001 1.7699165824116777e-266 1.6106392007191368e-106 8.134798995014137e-22
118.9060636039109 0.35000000000000014 1.0656033029267405e-38 9.312242417159369e-53 5.865301764792641e-96 8.046355350669007e-263 4.902509387884937e-212 2.2638335216139217e-253 1.0656033029267588e-38 0.650000000000001 3.7734901664991185e-264 1.5148148845267534e-105 1.2823148266376196e-21
119.70606360391089 0.35000000000000014 2.249654827699821e-38 2.83777413163292e-52 4.144646620327066e-95 1.188839188871075e-260 3.241256868125238e-210 3.449519892460082e-251 2.2496548276998766e-38 0.650000000000001 7.497826874800402e-262 1.3836954789878762e-104 2.009750608740034e-21
120.50606360391089 0.35000000000000014 4.703136239055864e-38 8.522310048213448e-52 2.8548297718323573e-94 1.6450448465846704e-258 2.0282474903292857e-208 4.921590783766496e-249 4.703136239056031e-38 0.650000000000001 1.390385050179413e-259 1.228263413461253e-103 3.1321179467075145e-21
121.30606360391089 0.35000000000000014 9.738548868338755e-38 2.5230032517174264e-51 1.9177283100077327e-93 2.1346397728162875e-256 1.2025739817152665e-206 6.583360118320163e-247 9.738548868339258e-38 0.650000000000001 2.409528516148742e-257 1.0601232102738859e-102 4.854337112425507e-21
122.10606360391088 0.35000000000000014 1.9976409910802256e-37 7.365140238465979e-51 1.2569585926300031e-92 2.6008211277573494e-254 6.763080878063479e-205 8.266713134283663e-245 1.9976409910803726e-37 0.650000000000001 3.907515836818899e-255 8.901689454688838e-102 7.482794871490858e-21
122.9060636039109 0.35000000000000014 4.060097940584015e-37 2.1206331861955652e-50 8.042466136300909e-92 2.9789827966838324e-252 3.6113196228505203e-203 9.75651945557114e-243 4.060097940584441e-37 0.650000000000001 5.937458758894396e-253 7.275638014473602e-101 1.147320677176654e-20
123.70606360391089 0.35000000000000014 8.177654875890008e-37 6.024027432779348e-50 5.025669070733419e-91 3.211559427601608e-250 1.832782630864984e-201 1.0835616700605199e-240 8.177654875891219e-37 0.650000000000001 8.464020529597825e-251 5.791320449304341e-100 1.7499945905937627e-20
124.50606360391089 0.35000000000000014 1.6325616301809343e-36 1.6887204114630494e-49 3.068539605563766e-90 3.262570499309334e-248 8.849192357179679e-200 1.1337454944600212e-238 1.6325616301812737e-36 0.650000000000001 1.1333398199409384e-248 4.4917081710322115e-99 2.655597241962554e-20
125.3060636039109 0.35000000000000014 3.23096573881344e-36 4.672912949242452e-49 1.8314479679114778e-89 3.126744887512629e-246 4.068713449227211e-198 1.11885647970018e-236 3.2309657388143745e-36 0.650000000000001 1.4271463160012172e-246 3.396149986762167e-98 4.0096176313308384e-20
126.1060636039109 0.35000000000000014 6.339991030494224e-36 1.276684776483763e-48 1.0689795487246851e-88 2.8300475796008003e-244 1.7830932484366717e-196 1.0425843586378616e-234 6.33999103049678e-36 0.650000000000001 1.6920229491984307e-244 2.50444876026605e-97 6.024202206063838e-20
126.9060636039109 0.35000000000000014 1.233696179195613e-35 3.44468849820284e-48 6.104335864292842e-88 2.421764032299337e-242 7.454989626230178e-195 9.18322218801579e-233 1.233696179196302e-35 0.650000000000001 1.890885342210115e-242 1.802149127885682e-96 9.007235670627179e-20
127.70606360391089 0.35000000000000014 2.3809983819404844e-35 9.180961064607352e-48 3.411766926629703e-87 1.9613859224435937e-240 2.976177340898297e-193 7.653910236112149e-231 2.3809983819423203e-35 0.650000000000001 1.9939986368814673e-240 1.2659625056706038e-95 1.3403478006134422e-19
128.5060636039109 0.35000000000000014 4.5583494345254553e-35 2.417671864182267e-47 1.867090990458894e-86 1.5049858576052935e-238 1.1354880516999005e-191 6.0425740857290594e-229 4.558349434530289e-35 0.650000000000001 1.986336621826631e-238 8.685520351512754e-95 1.9852496237222642e-19
129.3060636039109 0.35000000000000014 8.658017387264755e-35 6.291790381261956e-47 1.0008426715700338e-85 1.095150781324156e-236 4.14364307975073e-190 4.523201151513731e-227 8.658017387277339e-35 0.650000000000001 1.8711355622749366e-236 5.822430309890889e-94 2.926989039650285e-19
130.1060636039109 0.35000000000000014 1.6317541386016082e-34 1.618501469087233e-46 5.257087521614405e-85 7.565034057033856e-235 1.4474820645749494e-188 3.2135080926422424e-225 1.6317541386048459e-34 0.650000000000001 1.668502896929553e-234 3.8153129988738173e-93 4.2960690833785675e-19
130.9060636039109 0.35000000000000014 3.0519540310063792e-34 4.116289407545003e-46 2.7068519782650366e-84 4.965423937582823e-233 4.844194065520762e-187 2.168884403265728e-223 3.0519540310146096e-34 0.650000000000001 1.4097822677290864e-232 2.4448540784292138e-92 6.277700137608363e-19
131.7060636039109 0.35000000000000014 5.665631482308332e-34 1.0352432624846054e-45 1.366723490599328e-83 3.099654148992887e-231 1.5543376819766114e-185 1.3919409932322812e-221 5.665631482329033e-34 0.650000000000001 1.1298064103530961e-230 1.532666809462139e-91 9.133624513547221e-19
132.5060636039109 0.35000000000000014 1.0440573471054096e-33 2.5751956264413635e-45 6.769347783986651e-83 1.8419374135051778e-229 4.785359631800521e-184 8.502112081517713e-220 1.04405734711056e-33 0.650000000000001 8.595997641708123e-229 9.403413419008624e-91 1.3232208249370406e-18
133.3060636039109 0.35000000000000014 1.9101316670975127e-33 6.337162421181196e-45 3.290125850255472e-82 1.0428577245390382e-227 1.4146568639708864e-182 4.946968420719e-218 1.910131667110187e-33 0.650000000000001 6.214873068313974e-227 5.648499844304678e-90 1.9089766227201296e-18
134.10606360391088 0.35000000000000014 3.46993257402693e-33 1.543048974896202e-44 1.569725269856151e-81 5.630390409757214e-226 4.0185488950558117e-181 2.7443110452829635e-216 3.4699325740577896e-33 0.650000000000001 4.2737176356611346e-225 3.323176497536929e-89 2.7427091684468584e-18
134.9060636039109 0.35000000000000014 6.25967935066968e-33 3.7183162855836985e-44 7.35398489565822e-81 2.9012224401189884e-224 1.0976803029834135e-179 1.452700537400055e-214 6.259679350744047e-33 0.650000000000001 2.7977024648643414e-223 1.915602638361913e-88 3.924648663801372e-18
135.70606360391088 0.35000000000000014 1.121526953534263e-32 8.868991987021402e-44 3.384144506994499e-80 1.4279395388555837e-222 2.885164531970094e-178 7.34387857974625e-213 1.121526953552001e-32 0.650000000000001 1.7449977802134905e-221 1.0822920819431746e-87 5.593633143844976e-18
136.5060636039109 0.35000000000000014 1.9959328769410866e-32 2.094311222447896e-43 1.5301641865208266e-79 6.718521690493226e-221 7.302070432497426e-177 3.548388727626258e-211 1.9959328769829734e-32 0.650000000000001 1.0378931017411285e-219 5.995456435952715e-87 7.941251212496111e-18
137.30606360391087 0.35000000000000014 3.528674014988967e-32 4.896921051353243e-43 6.800218395091886e-79 3.024220569823392e-219 1.7806886235130406e-175 1.6399656889908876e-209 3.528674015086908e-32 0.650000000000001 5.891596385553294e-218 3.2575185665088606e-86 1.1230899956667053e-17
138.10606360391088 0.35000000000000014 6.198065567772461e-32 1.1339503948649357e-42 2.971207908847179e-78 1.303352457854068e-217 4.186737075451618e-174 7.255542014853301e-208 6.198065567999254e-32 0.650000000000001 3.1943751068084956e-216 1.7365335170631036e-85 1.5823374282610296e-17
138.90606360391087 0.35000000000000014 1.0817534795637516e-31 2.6009171915412987e-42 1.2767188176285133e-77 5.382005551196111e-216 9.496901095191937e-173 3.075122929856606e-206 1.0817534796157693e-31 0.650000000000001 1.6555919921766435e-214 9.08557649313534e-85 2.2211105174078983e-17
139.70606360391088 0.35000000000000014 1.8761835495817849e-31 5.910051911666907e-42 5.396762419634661e-77 2.130973280908275e-214 2.079568417102558e-171 1.2494853443294888e-204 1.8761835496999877e-31 0.650000000000001 8.208604079384445e-213 4.66694904486164e-84 3.1063811704742657e-17
140.50606360391086 0.35000000000000014 3.234026240286246e-31 1.3306307216318061e-41 2.2447508209427245e-76 8.096064899543718e-213 4.398555458206372e-170 4.870653360750568e-203 3.2340262405523746e-31 0.650000000000001 3.896372005641656e-211 2.35428995781612e-83 4.328916487087529e-17
141.30606360391087 0.35000000000000014 5.540873131885095e-31 2.968881701460113e-41 9.190053128656889e-76 2.9534904133363365e-211 8.991809432745607e-169 1.822782805466706e-201 5.540873132478873e-31 0.650000000000001 1.7719268510427622e-209 1.1667160926712628e-82 6.011313037064517e-17
142.10606360391085 0.35000000000000014 9.43677427255363e-31 6.565433888434025e-41 3.704235059513427e-75 1.0352838238326285e-209 1.777596388494123e-167 6.553475914770453e-200 9.436774273866724e-31 0.650000000000001 7.7256926706019064e-208 5.681694009328224e-82 8.318602473993866e-17
142.90606360391087 0.35000000000000014 1.5978016863725954e-30 1.4392418699462923e-40 1.4703566653018196e-74 3.489278266301606e-208 3.4002557598381906e-166 2.2651051661621544e-198 1.5978016866604452e-30 0.650000000000001 3.2317693792898533e-206 2.719719404173757e-81 1.1472206250601052e-16
143.70606360391085 0.35000000000000014 2.6897903121278373e-30 3.1280028101285953e-40 5.749114935264928e-74 1.1314820893869171e-206 6.296805532990318e-165 7.531287857873758e-197 2.6897903127534393e-30 0.650000000000001 1.2979347312960228e-204 1.2800512575594667e-80 1.576823878171333e-16
144.10606360391085 0.35000000000000014 3.48249299257373e-30 4.596759638026973e-40 1.1304966580060908e-73 6.351847738057105e-206 2.6774306256928407e-164 4.28078288546783e-196 3.4824929934930865e-30 0.650000000000001 8.102936700512972e-204 2.7597079936444855e-80 1.8463374383947958e-16
144.50606360391086 0.35000000000000014 4.502477758091644e-30 6.7410146246863665e-40 2.2148353956114294e-73 3.532393427013666e-205 1.1295048265905723e-163 2.410353338230807e-195 4.50247775943985e-30 0.650000000000001 5.008327058924087e-203 5.925271124613637e-80 2.1601439196902276e-16
144.90606360391087 0.35000000000000014 5.8130951010243834e-30 9.86495408634381e-40 4.3234519901394767e-73 1.9461856237022623e-204 4.72776887551182e-163 1.3445234902486585e-194 5.813095102997372e-30 0.650000000000001 3.0652312891119085e-202 1.267002011063734e-79 2.525229707692192e-16
145.30606360391084 0.35000000000000014 7.494847142727058e-30 1.440683629674677e-39 8.409106037000255e-73 1.0623778262958501e-203 1.9635871749366785e-162 7.430506544693239e-194 7.494847145608417e-30 0.650000000000001 1.8577654775429068e-201 2.6982666548820343e-79 2.9496366611330894e-16
145.70606360391085 0.35000000000000014 9.649894165594014e-30 2.0996807971649626e-39 1.6297157742777e-72 5.746272992659438e-203 8.092775608602834e-162 4.068774610191055e-193 9.64989416979337e-30 0.650000000000001 1.1150906231348217e-200 5.72328355566229e-79 3.442614486985632e-16
145.90606360391087 0.35000000000000014 1.0944114165233967e-29 2.5328795716694502e-39 2.2657549417522905e-72 1.3318467521622564e-202 1.6382293122969334e-161 9.48843442107505e-193 1.0944114170299723e-29 0.650000000000001 2.7220914271885127e-200 8.322900757669301e-79 3.7180804664498835e-16
146.10606360391085 0.35000000000000014 1.2407709137206676e-29 3.053910469611226e-39 3.1472371640322e-72 3.0799106626662503e-202 3.309980770640882e-161 2.2076822345791644e-192 1.2407709143314494e-29 0.650000000000001 6.62911772026229e-200 1.2091291430092143e-78 4.0147940812504696e-16
146.30606360391084 0.35000000000000014 1.4062292207977642e-29 3.6802680473628105e-39 4.367802992400635e-72 7.10626397240929e-202 6.675029666436174e-161 5.124997304997019e-192 1.4062292215338167e-29 0.650000000000001 1.6105478193724113e-199 1.7548537649207192e-78 4.334332322859307e-16
146.50606360391086 0.35000000000000014 1.5932163453377691e-29 4.4328688566220906e-39 6.056409139107236e-72 1.635942014234508e-201 1.3435728908232675e-160 1.1870521335159143e-191 1.5932163462243424e-29 0.650000000000001 3.9035580928167107e-199 2.5443753867765876e-78 4.678384576393785e-16
146.70606360391088 0.35000000000000014 1.8044635055272648e-29 5.3367085241837804e-39 8.390493687474419e-72 3.75769742779814e-201 2.6993108668349492e-160 2.743272819733882e-191 1.8044635065946064e-29 0.650000000000001 9.438891651750217e-199 3.685489533776638e-78 5.048760295125391e-16
146.90606360391087 0.35000000000000014 2.0430394723312646e-29 6.421642638744842e-39 1.1613991659697978e-71 8.612058996818795e-201 5.4129190218779354e-160 6.325505370382899e-191 2.043039473615593e-29 0.650000000000001 2.2769780943566174e-198 5.333160370021357e-78 5.447397175735665e-16
147.10606360391085 0.35000000000000014 2.3123911756357274e-29 7.723314325884583e-39 1.6061966803812962e-71 1.9693704045135776e-200 1.0834288949641026e-159 1.4552996408643917e-190 2.3123911771803902e-29 0.650000000000001 5.479972032278662e-198 7.709945030992238e-78 5.876369865446314e-16
147.30606360391087 0.35000000000000014 2.6163890603468707e-29 9.284255538282581e-39 2.2194260675021246e-71 4.493522837421663e-200 2.164526154991663e-159 3.3407540564533925e-190 2.616389062203722e-29 0.650000000000001 1.3157809254030453e-197 1.1135168699776132e-77 6.33789923398732e-16
147.5060636039109 0.35000000000000014 2.959377732183342e-29 1.1155193970315835e-38 3.0641421038548786e-71 1.0230327264268176e-199 4.316403809921907e-159 7.65200734605122e-190 2.9593777344143814e-29 0.650000000000001 3.151945355074199e-197 1.60665598316741e-77 6.834362245305958e-16
147.70606360391088 0.35000000000000014 3.3462324924048077e-29 1.339660325244066e-38 4.226733755284371e-71 2.3240153862254725e-199 8.591744417776183e-159 1.7488353592396335e-189 3.346232495084131e-29 0.650000000000001 7.532995263359587e-197 2.3159610482198656e-77 7.368302465967111e-16
147.80606360391087 0.35000000000000014 3.5577936790545424e-29 1.467824295256058e-38 4.962651407286548e-71 3.4999139607788864e-199 1.2113287368573254e-158 2.641666011150615e-189 3.5577936819901943e-29 0.650000000000001 1.1635530580209169e-196 2.779580781150686e-77 7.650169687599201e-16
148.60606360391088 0.35 5.793090949244775e-29 3.0354097010159655e-38 1.77856836688423e-70 9.080781232429183e-198 1.8603202470157543e-157 7.020927055173388e-188 5.793090955315599e-29 0.6500000000000006 3.6928045892952924e-195 1.1864354252811768e-76 1.0312381389089077e-15
149.40606360391087 0.3499999999999997 9.384517298286126e-29 6.229246530378866e-38 6.289294917853198e-70 2.2765122749733683e-196 2.775824679920771e-156 1.802687383550795e-186 9.384517310744626e-29 0.650000000000001 1.1303222077630465e-193 4.988507095422928e-76 1.3859384546706568e-15
150.20606360391088 0.34999999999999926 1.5125889971171785e-28 1.26876607448126e-37 2.1948278488416703e-69 5.5174550288904526e-195 4.026026483282603e-155 4.474063095895273e-185 1.512588999654711e-28 0.650000000000002 3.3385041459491136e-192 2.0666271282012557e-75 1.8571467976942448e-15
151.00606360391086 0.34999999999999853 2.42589496246797e-28 2.5651171099120285e-37 7.56060605295332e-69 1.2934865658312536e-193 5.6785382221813335e-154 1.073922122466845e-183 2.425894967598206e-28 0.6500000000000025 9.52028682348143e-191 8.437617952669445e-75 2.481336364663494e-15
151.80606360391087 0.34999999999999787 3.8716762162912184e-28 5.148291326912659e-37 2.5713372293821154e-68 2.934720582723145e-192 7.792245180751694e-153 2.4943680766826427e-182 3.8716762265878e-28 0.6500000000000031 2.6226233916605414e-189 3.3958055746638453e-74 3.3058379490101993e-15
152.60606360391085 0.3499999999999969 6.1494357145219245e-28 1.0258855755253184e-36 8.635639972563991e-68 6.44727131078039e-191 1.0407384189815857e-151 5.6090413439883e-181 6.149435735039636e-28 0.6500000000000046 6.983029827416501e-188 1.347497500505174e-73 4.391905542128481e-15
153.40606360391087 0.3499999999999956 9.72105101725497e-28 2.029846548385082e-36 2.864494918257475e-67 1.3721686343483678e-189 1.3534941648161224e-150 1.221731384890197e-179 9.721051057851911e-28 0.6500000000000059 1.7980565409142052e-186 5.273151651931427e-73 5.818600456065749e-15
154.20606360391085 0.3499999999999938 1.5295537796209676e-27 3.988444412423681e-36 9.386481761479377e-67 2.8305762966154356e-188 1.7146920027624678e-149 2.578908417370777e-178 1.5295537875978574e-27 0.6500000000000082 4.479596946345046e-185 2.0354605387245778e-72 7.68769992393841e-15
155.00606360391086 0.34999999999999143 2.3956372034827958e-27 7.78334943955106e-36 3.039067784021752e-66 5.662225512700302e-187 2.116928590643496e-148 5.27811576892595e-177 2.3956372190494943e-27 0.6500000000000108 1.0803655598474321e-183 7.751688751800669e-72 1.0129884772502326e-14
155.80606360391084 0.3499999999999881 3.7351897691692054e-27 1.5086823367535838e-35 9.72390105588355e-66 1.0988772266339711e-185 2.547935709582006e-147 1.0478765320034985e-175 3.7351897993428504e-27 0.6500000000000138 2.523563647195575e-182 2.913133584199302e-71 1.3312520127277571e-14
156.60606360391085 0.34999999999998405 5.797884416163003e-27 2.904972906734511e-35 3.0752574814366613e-65 2.0699579107304307e-184 2.9908952719707713e-146 2.0189741025336508e-174 5.797884474262456e-27 0.6500000000000179 5.711901256117007e-181 1.0805436496569607e-70 1.7449415401081947e-14
157.40606360391084 0.3499999999999788 8.960268464930888e-27 5.557035557296598e-35 9.614791475372626e-65 3.786349791046401e-183 3.425384471934687e-145 3.7769214751247604e-173 8.960268576071592e-27 0.6500000000000232 1.2533630772789718e-179 3.956650709156808e-70 2.2813037642939102e-14
158.20606360391085 0.3499999999999717 1.37878266366476e-26 1.056194727649983e-34 2.9722871861033732e-64 6.728517739126444e-182 3.828903161015093e-144 6.863172280438813e-172 1.3787826847886542e-26 0.6500000000000302 2.6675071452766494e-178 1.4305416596849175e-69 2.974975878309295e-14
159.00606360391083 0.34999999999996284 2.1126234152978186e-26 1.994741414751368e-34 9.086732762895194e-64 1.1621072984121653e-180 4.178829887969819e-143 1.2119393067986466e-170 2.1126234551926462e-26 0.6500000000000393 5.508906772844451e-177 5.107906564849138e-69 3.869884606653508e-14
159.80606360391084 0.3499999999999515 3.2234982904611805e-26 3.7437964067946772e-34 2.747659641509197e-63 1.9515790487736776e-179 4.45456599735164e-142 2.0806133187699764e-169 3.223498365337109e-26 0.6500000000000513 1.1044627582703102e-175 1.8015056042924222e-68 5.021606035054555e-14
160.60606360391083 0.34999999999993675 4.898227239469434e-26 6.9833088676709965e-34 8.219151372066622e-63 3.1880154080850297e-178 4.639578769036058e-141 3.474067330583055e-168 4.898227379135614e-26 0.6500000000000662 2.150568959303662e-174 6.2770781043169945e-68 6.500291405231135e-14
161.40606360391084 0.3499999999999178 7.412813237430737e-26 1.2947123464875169e-33 2.4325913867562677e-62 5.0678842823475404e-177 4.723057093510423e-140 5.644164571946387e-167 7.412813496373218e-26 0.6500000000000854 4.068734633182973e-173 2.161156092949568e-67 8.394286536974857e-14
162.20606360391082 0.34999999999989356 1.1173412318687937e-25 2.386091865809423e-33 7.124549462973158e-62 7.842944638159654e-176 4.7009477592814844e-139 8.92586688150942e-166 1.1173412795906326e-25 0.6500000000001097 7.48259830449543e-172 7.353555148836199e-67 1.0814599500294949e-13
163.00606360391083 0.34999999999986287 1.6775393429631507e-25 4.3716051086505133e-33 2.065181793947518e-61 1.1820845605489392e-174 4.576236592365704e-138 1.3745537978498862e-164 1.677539430395255e-25 0.6500000000001405 1.3381733013254455e-170 2.4732364134986e-66 1.390040342219333e-13
163.80606360391081 0.3499999999998235 2.5088154406533107e-25 7.9629117579091e-33 5.9256650415582574e-61 1.735810458994569e-173 4.358456913622236e-137 2.062061625077902e-163 2.508815599911549e-25 0.6500000000001795 2.3281740650883456e-169 8.223637706575183e-66 1.7825799839888257e-13
164.60606360391083 0.3499999999997738 3.7376473926560428e-25 1.442170776918643e-32 1.6832858076035394e-60 2.484303162247958e-172 4.062524399861382e-136 3.014635475472717e-162 3.737647681090203e-25 0.6500000000002296 3.942162924337685e-168 2.7037339437615875e-65 2.280811392971586e-13
165.4060636039108 0.34999999999971065 5.547350256122431e-25 2.597234593467038e-32 4.734600787390009e-60 3.4667012994005665e-171 3.7070903596946367e-135 4.296578655533194e-161 5.547350775569355e-25 0.6500000000002927 6.49889132482681e-167 8.790949712496374e-65 2.911804755823892e-13
166.20606360391082 0.34999999999963094 8.2026477884047495e-25 4.6514736666086087e-32 1.3187886329863564e-59 4.718410306990438e-170 3.312659110872899e-134 5.972057087467852e-160 8.202648718699486e-25 0.6500000000003723 1.0435081857482841e-165 2.8271468233780453e-64 3.7092080941551823e-13
167.00606360391083 0.3499999999995305 1.2084449637981462e-24 8.284940284066261e-32 3.6382602121967093e-59 6.266100028586267e-169 2.899723478480362e-133 8.098298061559011e-159 1.2084451294969527e-24 0.6500000000004729 1.6325535979779522e-164 8.994338166053145e-64 4.714759052640846e-13
167.80606360391081 0.3499999999994042 1.7738900801488473e-24 1.4677142042411139e-31 9.942562075690433e-59 8.122191461516358e-168 2.4871391180431605e-132 1.0717281332211525e-157 1.7738903736916895e-24 0.6500000000005998 2.48951108157109e-163 2.831161319021262e-63 5.980124156767161e-13
168.6060636039108 0.34999999999924564 2.5946321925233085e-24 2.5863073899891837e-31 2.691826077913493e-58 1.0279511199428047e-166 2.0908948472461385e-131 1.384669520309326e-156 2.594632709784788e-24 0.6500000000007587 3.701627440924294e-162 8.818599109199171e-63 7.569132113459509e-13
169.4060636039108 0.3499999999990464 3.781777729743326e-24 4.533544849950096e-31 7.220991872999551e-58 1.2706949350786727e-165 1.7233580683733333e-130 1.7471291246045419e-155 3.7817786364522966e-24 0.6500000000009579 5.368555176329609e-161 2.718554022980444e-62 9.5604803661244e-13
170.20606360391082 0.34999999999879744 5.492988904815448e-24 7.905818082797654e-31 1.9195696135349344e-57 1.534699084525279e-164 1.392997521418815e-129 2.1536009567105444e-154 5.492990485979066e-24 0.6500000000012071 7.597301647836753e-160 8.295495458265695e-62 1.2051008980575369e-12
171.0060636039108 0.3499999999984866 7.951242359159381e-24 1.371633983069795e-30 5.0573493927487243e-57 1.8115865847398745e-163 1.1045227633097716e-128 2.594227944050416e-153 7.951245102427346e-24 0.6500000000015179 1.0494141068664195e-158 2.5059599932050086e-61 1.5159653391180745e-12
171.8060636039108 0.3499999999980992 1.1470845801442252e-23 2.3677889387393954e-30 1.3207117558165948e-56 2.090677728015999e-162 8.593385644195815e-128 3.054867486967179e-152 1.147085053702013e-23 0.6500000000019048 1.4153556946372617e-157 7.495380546951446e-61 1.9032207992071875e-12
172.6060636039108 0.3499999999976178 1.6493405075702612e-23 4.067160503401027e-30 3.419101847085381e-56 2.359624381290351e-161 6.561949324261271e-127 3.517661790244453e-151 1.6493413210023603e-23 0.6500000000023863 1.8644827532321937e-156 2.220036881909871e-60 2.384705649163486e-12
173.4060636039108 0.34999999999702014 2.3637390038001967e-23 6.952050109297076e-30 8.775803351390707e-56 2.6053111291532456e-160 4.919170770572323e-126 3.9621130197580734e-150 2.363740394210218e-23 0.6500000000029842 2.3997472195023165e-155 6.512260317616554e-60 2.9822052903514828e-12
174.2060636039108 0.34999999999628 3.376622777745908e-23 1.1825972800188535e-29 2.233487731712221e-55 2.814932353198895e-159 3.6211859968595114e-125 4.366584563783836e-149 3.376625142940471e-23 0.6500000000037243 3.018732901613759e-154 1.8921929829900086e-59 3.722276964507482e-12
175.00606360391077 0.3499999999953652 4.8081560888067915e-23 2.0021281284895574e-29 5.637053607864938e-55 2.9771197514095914e-158 2.6182860612483523e-124 4.710075840561875e-148 4.808160093063052e-23 0.6500000000046392 3.712540047944198e-153 5.44649651153183e-59 4.637236716297439e-12
175.8060636039108 0.3499999999942363 6.825058369067807e-23 3.3736960942564245e-29 1.4110481000101716e-54 3.082979329381091e-157 1.859927969996133e-123 4.974064003870223e-147 6.825065116459993e-23 0.6500000000057683 4.465166178550325e-152 1.5532528561053563e-58 5.7663383611754e-12
176.6060636039108 0.3499999999928455 9.657938911661664e-23 5.658570508970175e-29 3.503489321743365e-54 3.126904407953552e-156 1.2983489468378564e-122 5.144183272054836e-146 9.657950228802684e-23 0.650000000007159 5.253569512301289e-151 4.389289563406547e-58 7.157179429189636e-12
177.40606360391078 0.34999999999113524 1.3624825554347066e-22 9.447595134618806e-29 8.62931859922203e-54 3.1070609144189576e-155 8.90850055234495e-122 5.211527185610267e-145 1.3624844449537332e-22 0.6500000000088693 6.048528500078039e-150 1.2292111416669809e-57 8.867374984952684e-12
178.20606360391076 0.349999999989036 1.9163007713093513e-22 1.5702766959187935e-28 2.1087033398902456e-53 3.0254878495525275e-154 6.0094595252779184e-121 5.173409150979349e-144 1.916303911862744e-22 0.6500000000109686 6.816306283840559e-149 3.4118586100285767e-57 1.0966547083029398e-11
179.00606360391077 0.349999999986464 2.6872008210738118e-22 2.598349658281332e-28 5.112854884500891e-53 2.887810714242221e-153 3.9864081712593016e-120 5.0334932381819305e-143 2.687206017773128e-22 0.6500000000135413 7.521008261891599e-148 9.387263671816886e-57 1.353868553999805e-11
179.8060636039108 0.34999999998331777 3.757140924284031e-22 4.2806641977244495e-28 1.230170636619227e-52 2.702618838708517e-152 2.6009967066793324e-119 4.801296280355493e-142 3.7571494856124273e-22 0.6500000000166877 8.127405632281352e-147 2.5604761183648248e-56 1.6684944840259038e-11
180.60606360391077 0.3499999999794758 5.237844999236854e-22 7.021697171880515e-28 2.9374147653402125e-52 2.48059982211791e-151 1.6695672694032212e-118 4.491147795928038e-141 5.237859042631202e-22 0.65000000002053 8.603910075406758e-146 6.924454202888603e-56 2.052695251253093e-11
181.40606360391075 0.34999999997479203 7.281186950820997e-22 1.1468725659805732e-27 6.961559833644911e-52 2.2335492062834103e-150 1.0545490989058801e-117 4.1207615508929486e-140 7.2812098882723165e-22 0.6500000000252137 8.925342885810976e-145 1.856872087551261e-55 2.5210716409697364e-11
182.20606360391076 0.34999999996909154 1.0093049421622814e-21 1.865325803482288e-27 1.637690388027322e-51 1.973378435739615e-149 6.555705755046633e-117 3.7096115801041925e-139 1.0093086728138886e-21 0.6500000000309144 9.075155808470301e-144 4.938075476249811e-55 3.0911232212081794e-11
183.00606360391077 0.3499999999621649 1.395176996898415e-21 3.0212356705619002e-27 3.8245719444087615e-51 1.7112304263969654e-148 4.0119103529699985e-116 3.277312225025081e-138 1.395183039369756e-21 0.6500000000378413 9.046829693120277e-143 1.3024456173339677e-54 3.7837908395848984e-11
183.80606360391076 0.3499999999537619 1.923262826560735e-21 4.873358634411915e-27 8.867491491103165e-51 1.4567842364472696e-147 2.417407398751933e-115 2.842178582357707e-137 1.9232725732780044e-21 0.6500000000462443 8.844289166209675e-142 3.4074826092623033e-54 4.624094413619773e-11
184.60606360391074 0.3499999999435841 2.644026794298402e-21 7.829050423218545e-27 2.0413902775322594e-50 1.2177948627795728e-146 1.4345030885937583e-114 2.4200981649315328e-136 2.6440424523992493e-21 0.6500000000564222 8.481306880750105e-141 8.843519024441995e-54 5.641881645427434e-11
185.40606360391075 0.34999999993127584 3.625151367739951e-21 1.2527068249097255e-26 4.666575860104193e-50 9.998778863803749e-146 8.384762010318672e-114 2.0237869826068926e-135 3.625176421876453e-21 0.6500000000687308 7.980005696811883e-140 2.2770809286408976e-53 6.872705670857436e-11
186.20606360391076 0.34999999991641434 4.957177288049141e-21 1.996511108131211e-26 1.0593919654458125e-49 8.06517366582558e-145 4.8283714704236634e-113 1.6624445868210339e-134 4.9572172182713076e-21 0.6500000000835925 7.368678722504986e-139 5.817513668918825e-53 8.358852365743819e-11
187.00606360391075 0.34999999989849745 6.7609145775380166e-21 3.1695519127040047e-26 2.3885780702350153e-49 6.3925292329421e-144 2.7397621502817907e-112 1.3417721585405644e-133 6.7609779685762796e-21 0.6500000001015095 6.679218584048524e-138 1.4748400470165346e-52 1.0150541120482428e-10
187.80606360391073 0.34999999987692976 9.197156286440401e-21 5.012442492414174e-26 5.349144628768146e-49 4.979899702900126e-143 1.5321715518099362e-111 1.0642816321127378e-132 9.19725653529026e-21 0.6500000001230773 5.944470332739548e-137 3.710592272587297e-52 1.2307326406145638e-10
188.60606360391074 0.349999999851006 1.2479379398348023e-20 7.896734035640825e-26 1.189949275457588e-48 3.813751070001677e-142 8.446230293750524e-111 8.298046842738321e-132 1.2479537333028749e-20 0.6500000001490014 5.195798238472307e-136 9.265607223843585e-52 1.4899731443608901e-10
189.40606360391075 0.34999999981989205 1.6890311481610775e-20 1.2394043471591338e-25 2.6297121722834895e-48 2.871847411228876e-141 4.590464720111286e-110 6.361073940826423e-131 1.689055936248022e-20 0.6500000001801154 4.4610947373987086e-135 2.2965595378031105e-51 1.801114981045762e-10
190.20606360391074 0.34999999978260304 2.2803488291351992e-20 1.9380562885318958e-25 5.773770037135441e-48 2.1268628399345515e-140 2.4601660323391243e-109 4.795262636726246e-130 2.2803875902609707e-20 0.6500000002174047 3.763374702982193e-134 5.650603828760867e-51 2.1740055944020093e-10
191.00606360391072 0.34999999973797813 3.071124004541791e-20 3.0194493842361915e-25 1.259556015617065e-47 1.5494480083445358e-139 1.3003511556323535e-108 3.555595509911512e-129 3.0711843935294765e-20 0.65000000026203 3.1200065016412055e-133 1.3802724735856603e-50 2.620257129511689e-10
191.80606360391073 0.34999999968464973 4.12609392339698e-20 4.687236964222282e-25 2.730340947359124e-47 1.1106129464396932e-138 6.779824054154543e-108 2.593697879158045e-128 4.126187668136267e-20 0.6500000003153591 2.542547933637577e-132 3.347545194342185e-50 3.1535439436224554e-10
192.60606360391074 0.34999999962100936 5.530184130429476e-20 7.250255618296122e-25 5.881549404370143e-47 7.834007467153141e-138 3.4874620124473086e-107 1.8617489702198215e-127 5.530329135541844e-20 0.6500000003789992 2.0370910880965067e-131 8.061538347872268e-50 3.7899470818467537e-10
193.40606360391072 0.34999999954516897 7.394547703574628e-20 1.117522101538708e-24 1.2591445914176711e-46 5.439094994632584e-137 1.7701263126959303e-106 1.315236081694179e-126 7.394771207994941e-20 0.6500000004548401 1.60498106455e-130 1.9278659223669467e-49 4.5483526202271885e-10
194.2060636039107 0.3499999994549131 9.864334354782115e-20 1.7165013252131104e-24 2.6791770391875807e-46 3.7177073354530354e-136 8.866901087162766e-106 9.146436036333954e-126 9.864677655047159e-20 0.6500000005450963 1.2437599443606635e-129 4.578678171325537e-49 5.450911716493646e-10
195.00606360391072 0.34999999934764703 1.3128662867698132e-19 2.627458713900379e-24 5.6663265546758295e-46 2.5021465534008953e-135 4.384096916519018e-105 6.26251858155789e-125 1.3129188359440917e-19 0.6500000006523622 9.481956781586786e-129 1.0800507522101711e-48 6.523571263423847e-10
195.80606360391073 0.3499999992203357 1.7433393887520946e-19 4.008202052514186e-24 1.1912641207646898e-45 1.6585211961552222e-134 2.139910866089888e-104 4.2225720725366285e-124 1.7434195527931436e-19 0.6500000007796737 7.112794482660065e-128 2.5306071982222956e-48 7.796685224205516e-10
196.6060636039107 0.3499999990694324 2.3097454266805096e-19 6.0940101720646424e-24 2.4897295634331327e-45 1.0828803488636024e-133 1.0312971285952959e-103 2.8042496360437088e-123 2.3098673068839493e-19 0.6500000009305771 5.251074262868175e-127 5.890023777230071e-48 9.305718058061876e-10
197.4060636039107 0.34999999889079897 3.053365621088385e-19 9.234517956816868e-24 5.1732660363397355e-45 6.96578735164561e-133 4.908045948757429e-103 1.8346243713718367e-122 3.05355031144752e-19 0.6500000011092106 3.81597062359228e-126 1.3619329654009057e-47 1.1092053133555098e-9
198.2060636039107 0.3499999986796124 4.0275193161461376e-19 1.3947620092292805e-23 1.0687505272407423e-44 4.415380220814847e-132 2.3069224836717443e-102 1.18262367856613e-121 4.027798268547982e-19 0.6500000013203977 2.730189862055974e-125 3.128778962291154e-47 1.320392069389501e-9
199.00606360391072 0.34999999843025825 5.300929044261263e-19 2.0997997016764254e-23 2.195415098368712e-44 2.758358944026241e-131 1.0710719259478575e-101 7.512624561507111e-121 5.301349004201599e-19 0.6500000015697519 1.923500572535295e-124 7.141806074725294e-47 1.569746180241534e-9
199.8060636039107 0.3499999981362097 6.961985523617687e-19 3.15111528517248e-23 4.484511376034573e-44 1.698609838350417e-130 4.912765301234549e-101 4.703899618794717e-120 6.96261574667472e-19 0.6500000018638006 1.3346973996202999e-123 1.6199002412266256e-46 1.8637946778130474e-9
